43.892487 10.398011 -84.496689 0.000000 0.000000  0
43.861904 10.386983 -84.446121 0.000000 0.000000  1
43.831352 10.375923 -84.395500 0.000000 0.000000  1
43.800838 10.364829 -84.344818 0.000000 0.000000  1
43.770355 10.353704 -84.294083 0.000000 0.000000  1
43.739906 10.342545 -84.243286 0.000000 0.000000  1
43.709496 10.331350 -84.192429 0.000000 0.000000  1
43.679111 10.320123 -84.141510 0.000000 0.000000  1
43.648766 10.308864 -84.090538 0.000000 0.000000  1
43.618450 10.297568 -84.039505 0.000000 0.000000  1
43.588173 10.286240 -83.988411 0.000000 0.000000  1
43.557926 10.274879 -83.937263 0.000000 0.000000  1
43.527714 10.263484 -83.886055 0.000000 0.000000  1
43.497536 10.252053 -83.834785 0.000000 0.000000  1
43.467388 10.240593 -83.783463 0.000000 0.000000  1
43.437275 10.229096 -83.732079 0.000000 0.000000  1
43.407200 10.217566 -83.680634 0.000000 0.000000  1
43.377151 10.206000 -83.629128 0.000000 0.000000  1
43.347141 10.194404 -83.577568 0.000000 0.000000  1
43.317158 10.182770 -83.525940 0.000000 0.000000  1
43.287212 10.171103 -83.474258 0.000000 0.000000  1
43.257301 10.159401 -83.422516 0.000000 0.000000  1
43.227425 10.147665 -83.370712 0.000000 0.000000  1
43.197578 10.135897 -83.318855 0.000000 0.000000  1
43.167763 10.124090 -83.266930 0.000000 0.000000  1
43.137985 10.112253 -83.214951 0.000000 0.000000  1
43.108238 10.100380 -83.162910 0.000000 0.000000  1
43.078522 10.088472 -83.110809 0.000000 0.000000  1
43.048843 10.076533 -83.058655 0.000000 0.000000  1
43.019196 10.064555 -83.006432 0.000000 0.000000  1
42.989578 10.052546 -82.954155 0.000000 0.000000  1
42.959995 10.040500 -82.901810 0.000000 0.000000  1
42.930443 10.028419 -82.849411 0.000000 0.000000  1
42.900928 10.016305 -82.796951 0.000000 0.000000  1
42.871445 10.004155 -82.744431 0.000000 0.000000  1
42.841991 9.991970 -82.691849 0.000000 0.000000  1
42.812572 9.979750 -82.639206 0.000000 0.000000  1
42.783188 9.967499 -82.586510 0.000000 0.000000  1
42.753834 9.955208 -82.533745 0.000000 0.000000  1
42.724510 9.942885 -82.480927 0.000000 0.000000  1
42.695221 9.930525 -82.428040 0.000000 0.000000  1
42.665966 9.918132 -82.375099 0.000000 0.000000  1
42.636738 9.905702 -82.322090 0.000000 0.000000  1
42.607548 9.893235 -82.269020 0.000000 0.000000  1
42.578388 9.880736 -82.215897 0.000000 0.000000  1
42.549259 9.868198 -82.162704 0.000000 0.000000  1
42.520164 9.855630 -82.109459 0.000000 0.000000  1
42.491104 9.843025 -82.056152 0.000000 0.000000  1
42.462074 9.830381 -82.002777 0.000000 0.000000  1
42.433075 9.817706 -81.949348 0.000000 0.000000  1
42.404106 9.804992 -81.895851 0.000000 0.000000  1
42.375172 9.792246 -81.842300 0.000000 0.000000  1
42.346272 9.779460 -81.788681 0.000000 0.000000  1
42.317398 9.766641 -81.735001 0.000000 0.000000  1
42.288559 9.753785 -81.681259 0.000000 0.000000  1
42.259754 9.740893 -81.627457 0.000000 0.000000  1
42.230976 9.727966 -81.573593 0.000000 0.000000  1
42.202236 9.715003 -81.519669 0.000000 0.000000  1
42.173523 9.702005 -81.465683 0.000000 0.000000  1
42.144844 9.688968 -81.411629 0.000000 0.000000  1
42.116196 9.675899 -81.357521 0.000000 0.000000  1
42.087582 9.662789 -81.303345 0.000000 0.000000  1
42.058994 9.649650 -81.249115 0.000000 0.000000  1
42.030441 9.636470 -81.194817 0.000000 0.000000  1
42.001923 9.623250 -81.140450 0.000000 0.000000  1
41.973431 9.609999 -81.086029 0.000000 0.000000  1
41.944973 9.596712 -81.031548 0.000000 0.000000  1
41.916546 9.583386 -80.976997 0.000000 0.000000  1
41.888149 9.570023 -80.922379 0.000000 0.000000  1
41.859783 9.556624 -80.867706 0.000000 0.000000  1
41.831451 9.543192 -80.812973 0.000000 0.000000  1
41.804062 9.530154 -80.759941 0.000000 0.000000  1
41.841644 9.575013 -80.942764 0.000000 0.000000  1
41.879368 9.619516 -81.125107 0.000000 0.000000  1
41.917229 9.663671 -81.306984 0.000000 0.000000  1
41.955231 9.707473 -81.488388 0.000000 0.000000  1
41.993374 9.750929 -81.669334 0.000000 0.000000  1
42.031662 9.794034 -81.849815 0.000000 0.000000  1
42.070087 9.836797 -82.029846 0.000000 0.000000  1
42.108658 9.879210 -82.209412 0.000000 0.000000  1
42.147377 9.921275 -82.388519 0.000000 0.000000  1
42.186237 9.962998 -82.567177 0.000000 0.000000  1
42.225243 10.004375 -82.745377 0.000000 0.000000  1
42.264397 10.045410 -82.923134 0.000000 0.000000  1
42.303699 10.086101 -83.100441 0.000000 0.000000  1
42.343151 10.126451 -83.277306 0.000000 0.000000  1
42.382748 10.166464 -83.453735 0.000000 0.000000  1
42.422497 10.206132 -83.629715 0.000000 0.000000  1
42.462399 10.245465 -83.805267 0.000000 0.000000  1
42.502445 10.284454 -83.980370 0.000000 0.000000  1
42.542645 10.323111 -84.155052 0.000000 0.000000  1
42.583004 10.361428 -84.329300 0.000000 0.000000  1
42.623512 10.399412 -84.503120 0.000000 0.000000  1
42.664181 10.437056 -84.676506 0.000000 0.000000  1
42.705002 10.474367 -84.849472 0.000000 0.000000  1
42.745979 10.511346 -85.022018 0.000000 0.000000  1
42.787109 10.547986 -85.194130 0.000000 0.000000  1
42.828403 10.584296 -85.365829 0.000000 0.000000  1
42.869858 10.620273 -85.537109 0.000000 0.000000  1
42.911469 10.655919 -85.707977 0.000000 0.000000  1
42.953243 10.691233 -85.878426 0.000000 0.000000  1
42.954590 10.692367 -85.883919 0.000000 0.000000  1
42.847210 10.676548 -85.807404 0.000000 0.000000  1
42.740013 10.660602 -85.730507 0.000000 0.000000  1
42.633003 10.644523 -85.653221 0.000000 0.000000  1
42.526184 10.628315 -85.575554 0.000000 0.000000  1
42.419552 10.611977 -85.497505 0.000000 0.000000  1
42.313103 10.595508 -85.419075 0.000000 0.000000  1
42.206844 10.578901 -85.340248 0.000000 0.000000  1
42.100773 10.562164 -85.261040 0.000000 0.000000  1
41.994888 10.545296 -85.181450 0.000000 0.000000  1
41.889194 10.528291 -85.101471 0.000000 0.000000  1
41.783688 10.511148 -85.021103 0.000000 0.000000  1
41.678371 10.493874 -84.940353 0.000000 0.000000  1
41.573246 10.476461 -84.859215 0.000000 0.000000  1
41.468307 10.458914 -84.777695 0.000000 0.000000  1
41.363560 10.441227 -84.695786 0.000000 0.000000  1
41.258999 10.423401 -84.613487 0.000000 0.000000  1
41.154629 10.405437 -84.530800 0.000000 0.000000  1
41.050449 10.387336 -84.447731 0.000000 0.000000  1
40.946461 10.369090 -84.364265 0.000000 0.000000  1
40.842663 10.350703 -84.280411 0.000000 0.000000  1
40.739052 10.332174 -84.196167 0.000000 0.000000  1
40.635635 10.313503 -84.111534 0.000000 0.000000  1
40.532410 10.294689 -84.026512 0.000000 0.000000  1
40.429375 10.275735 -83.941109 0.000000 0.000000  1
40.326530 10.256630 -83.855301 0.000000 0.000000  1
40.223877 10.237381 -83.769104 0.000000 0.000000  1
40.121414 10.217987 -83.682518 0.000000 0.000000  1
40.019146 10.198448 -83.595543 0.000000 0.000000  1
39.917068 10.178761 -83.508179 0.000000 0.000000  1
41.987213 10.961120 -87.223366 0.000000 0.000000  1
41.956776 10.951296 -87.172981 0.000000 0.000000  1
41.926376 10.941436 -87.122536 0.000000 0.000000  1
41.896011 10.931543 -87.072037 0.000000 0.000000  1
41.865685 10.921616 -87.021477 0.000000 0.000000  1
41.835392 10.911654 -86.970863 0.000000 0.000000  1
41.805134 10.901662 -86.920197 0.000000 0.000000  1
41.774910 10.891635 -86.869469 0.000000 0.000000  1
41.744724 10.881574 -86.818687 0.000000 0.000000  1
41.714573 10.871476 -86.767845 0.000000 0.000000  1
41.684460 10.861350 -86.716957 0.000000 0.000000  1
41.654381 10.851184 -86.666000 0.000000 0.000000  1
41.624336 10.840989 -86.614998 0.000000 0.000000  1
41.594326 10.830758 -86.563934 0.000000 0.000000  1
41.564354 10.820491 -86.512810 0.000000 0.000000  1
41.534416 10.810191 -86.461632 0.000000 0.000000  1
41.504517 10.799859 -86.410400 0.000000 0.000000  1
41.474648 10.789491 -86.359108 0.000000 0.000000  1
41.444817 10.779090 -86.307762 0.000000 0.000000  1
41.415016 10.768654 -86.256355 0.000000 0.000000  1
41.385254 10.758184 -86.204895 0.000000 0.000000  1
41.355530 10.747678 -86.153374 0.000000 0.000000  1
41.325836 10.737140 -86.101799 0.000000 0.000000  1
41.296181 10.726564 -86.050163 0.000000 0.000000  1
41.266560 10.715957 -85.998474 0.000000 0.000000  1
41.236973 10.705317 -85.946732 0.000000 0.000000  1
41.207420 10.694639 -85.894928 0.000000 0.000000  1
41.177902 10.683926 -85.843063 0.000000 0.000000  1
41.148422 10.673181 -85.791145 0.000000 0.000000  1
41.118973 10.662401 -85.739174 0.000000 0.000000  1
41.089561 10.651587 -85.687141 0.000000 0.000000  1
41.060181 10.640733 -85.635040 0.000000 0.000000  1
41.030834 10.629848 -85.582893 0.000000 0.000000  1
41.001526 10.618931 -85.530693 0.000000 0.000000  1
40.972252 10.607973 -85.478424 0.000000 0.000000  1
40.943008 10.596987 -85.426109 0.000000 0.000000  1
40.913803 10.585960 -85.373726 0.000000 0.000000  1
40.884632 10.574901 -85.321289 0.000000 0.000000  1
40.855495 10.563807 -85.268799 0.000000 0.000000  1
40.826389 10.552675 -85.216240 0.000000 0.000000  1
40.797321 10.541512 -85.163635 0.000000 0.000000  1
40.768288 10.530311 -85.110962 0.000000 0.000000  1
40.739281 10.519076 -85.058235 0.000000 0.000000  1
40.710316 10.507805 -85.005447 0.000000 0.000000  1
40.681381 10.496500 -84.952606 0.000000 0.000000  1
40.652485 10.485158 -84.899704 0.000000 0.000000  1
40.623619 10.473780 -84.846741 0.000000 0.000000  1
40.594788 10.462368 -84.793724 0.000000 0.000000  1
40.565990 10.450920 -84.740646 0.000000 0.000000  1
40.537224 10.439439 -84.687515 0.000000 0.000000  1
40.508495 10.427921 -84.634323 0.000000 0.000000  1
40.479797 10.416367 -84.581070 0.000000 0.000000  1
40.451138 10.404775 -84.527756 0.000000 0.000000  1
40.422504 10.393147 -84.474380 0.000000 0.000000  1
40.393909 10.381487 -84.420952 0.000000 0.000000  1
40.365349 10.369788 -84.367462 0.000000 0.000000  1
40.336819 10.358057 -84.313919 0.000000 0.000000  1
40.308323 10.346289 -84.260315 0.000000 0.000000  1
40.279861 10.334483 -84.206650 0.000000 0.000000  1
40.251434 10.322641 -84.152924 0.000000 0.000000  1
40.223038 10.310766 -84.099144 0.000000 0.000000  1
40.194675 10.298850 -84.045296 0.000000 0.000000  1
40.166348 10.286901 -83.991394 0.000000 0.000000  1
40.138054 10.274919 -83.937439 0.000000 0.000000  1
40.109791 10.262896 -83.883415 0.000000 0.000000  1
40.081562 10.250839 -83.829338 0.000000 0.000000  1
40.053364 10.238747 -83.775200 0.000000 0.000000  1
40.025200 10.226616 -83.721001 0.000000 0.000000  1
39.997066 10.214446 -83.666733 0.000000 0.000000  1
39.968971 10.202242 -83.612411 0.000000 0.000000  1
39.940907 10.190004 -83.558037 0.000000 0.000000  0
39.960686 11.425981 -89.762482 0.000000 0.000000  0
39.930553 11.417361 -89.712151 0.000000 0.000000  1
39.900459 11.408709 -89.661766 0.000000 0.000000  1
39.870403 11.400022 -89.611328 0.000000 0.000000  1
39.840385 11.391300 -89.560837 0.000000 0.000000  1
39.810406 11.382545 -89.510292 0.000000 0.000000  1
39.780460 11.373756 -89.459694 0.000000 0.000000  1
39.750553 11.364932 -89.409035 0.000000 0.000000  1
39.720684 11.356075 -89.358330 0.000000 0.000000  1
39.690853 11.347184 -89.307571 0.000000 0.000000  1
39.661060 11.338256 -89.256752 0.000000 0.000000  1
39.631302 11.329293 -89.205879 0.000000 0.000000  1
39.601585 11.320300 -89.154961 0.000000 0.000000  1
39.571903 11.311270 -89.103981 0.000000 0.000000  1
39.542259 11.302205 -89.052948 0.000000 0.000000  1
39.512650 11.293102 -89.001854 0.000000 0.000000  1
39.483082 11.283969 -88.950714 0.000000 0.000000  1
39.453548 11.274798 -88.899513 0.000000 0.000000  1
39.424049 11.265597 -88.848267 0.000000 0.000000  1
39.394588 11.256355 -88.796951 0.000000 0.000000  1
39.365166 11.247082 -88.745590 0.000000 0.000000  1
39.335781 11.237774 -88.694176 0.000000 0.000000  1
39.306431 11.228429 -88.642700 0.000000 0.000000  1
39.277119 11.219052 -88.591179 0.000000 0.000000  1
39.247841 11.209639 -88.539597 0.000000 0.000000  1
39.218605 11.200191 -88.487961 0.000000 0.000000  1
39.189400 11.190707 -88.436272 0.000000 0.000000  1
39.160233 11.181187 -88.384521 0.000000 0.000000  1
39.131104 11.171632 -88.332718 0.000000 0.000000  1
39.102013 11.162043 -88.280861 0.000000 0.000000  1
39.072952 11.152419 -88.228951 0.000000 0.000000  1
39.043930 11.142758 -88.176979 0.000000 0.000000  1
39.014946 11.133066 -88.124962 0.000000 0.000000  1
38.985996 11.123336 -88.072884 0.000000 0.000000  1
38.957085 11.113571 -88.020752 0.000000 0.000000  1
38.928207 11.103767 -87.968559 0.000000 0.000000  1
38.899368 11.093930 -87.916313 0.000000 0.000000  1
38.870564 11.084059 -87.864014 0.000000 0.000000  1
38.841793 11.074152 -87.811661 0.000000 0.000000  1
38.813061 11.064211 -87.759254 0.000000 0.000000  1
38.784363 11.054233 -87.706787 0.000000 0.000000  1
38.755703 11.044219 -87.654266 0.000000 0.000000  1
38.727074 11.034164 -87.601677 0.000000 0.000000  1
38.698486 11.024082 -87.549049 0.000000 0.000000  1
38.669930 11.013962 -87.496361 0.000000 0.000000  1
38.641411 11.003802 -87.443611 0.000000 0.000000  1
38.612926 10.993608 -87.390808 0.000000 0.000000  1
38.584480 10.983380 -87.337952 0.000000 0.000000  1
38.556068 10.973118 -87.285042 0.000000 0.000000  1
38.527691 10.962816 -87.232071 0.000000 0.000000  1
38.499348 10.952480 -87.179047 0.000000 0.000000  1
38.471043 10.942106 -87.125961 0.000000 0.000000  1
38.442768 10.931698 -87.072823 0.000000 0.000000  1
38.414532 10.921251 -87.019623 0.000000 0.000000  1
38.386330 10.910769 -86.966370 0.000000 0.000000  1
38.358162 10.900253 -86.913063 0.000000 0.000000  1
38.330032 10.889702 -86.859703 0.000000 0.000000  1
38.301933 10.879112 -86.806282 0.000000 0.000000  1
38.273872 10.868484 -86.752800 0.000000 0.000000  1
38.245846 10.857821 -86.699265 0.000000 0.000000  1
38.217854 10.847124 -86.645676 0.000000 0.000000  1
38.189896 10.836388 -86.592026 0.000000 0.000000  1
38.161972 10.825617 -86.538322 0.000000 0.000000  1
38.134083 10.814808 -86.484558 0.000000 0.000000  1
38.106232 10.803964 -86.430740 0.000000 0.000000  1
38.078411 10.793084 -86.376869 0.000000 0.000000  1
38.050625 10.782166 -86.322937 0.000000 0.000000  1
38.022877 10.771211 -86.268944 0.000000 0.000000  1
37.995155 10.760218 -86.214890 0.000000 0.000000  1
37.967476 10.749192 -86.160789 0.000000 0.000000  1
37.939827 10.738128 -86.106628 0.000000 0.000000  1
37.913105 10.727386 -86.054161 0.000000 0.000000  1
37.945198 10.763051 -86.228806 0.000000 0.000000  1
37.977417 10.798371 -86.403038 0.000000 0.000000  1
38.009766 10.833350 -86.576866 0.000000 0.000000  1
38.042240 10.867984 -86.750282 0.000000 0.000000  1
38.074848 10.902274 -86.923294 0.000000 0.000000  1
38.107590 10.936220 -87.095901 0.000000 0.000000  1
38.140465 10.969828 -87.268112 0.000000 0.000000  1
38.173473 11.003090 -87.439919 0.000000 0.000000  1
38.206612 11.036013 -87.611328 0.000000 0.000000  1
38.239887 11.068593 -87.782341 0.000000 0.000000  1
38.273293 11.100834 -87.952957 0.000000 0.000000  1
38.306839 11.132731 -88.123177 0.000000 0.000000  1
38.340523 11.164294 -88.293015 0.000000 0.000000  1
38.374344 11.195515 -88.462456 0.000000 0.000000  1
38.408306 11.226395 -88.631508 0.000000 0.000000  1
38.442402 11.256935 -88.800171 0.000000 0.000000  1
38.476643 11.287139 -88.968452 0.000000 0.000000  1
38.511021 11.317004 -89.136345 0.000000 0.000000  1
38.545544 11.346534 -89.303864 0.000000 0.000000  1
38.580212 11.375722 -89.470993 0.000000 0.000000  1
38.615021 11.404576 -89.637749 0.000000 0.000000  1
38.649975 11.433091 -89.804123 0.000000 0.000000  1
38.685074 11.461270 -89.970123 0.000000 0.000000  1
38.720322 11.489114 -90.135750 0.000000 0.000000  1
38.755711 11.516620 -90.300995 0.000000 0.000000  1
38.791252 11.543787 -90.465866 0.000000 0.000000  1
38.826946 11.570621 -90.630371 0.000000 0.000000  1
38.862785 11.597121 -90.794510 0.000000 0.000000  1
38.898777 11.623283 -90.958275 0.000000 0.000000  1
38.899940 11.624124 -90.963554 0.000000 0.000000  1
38.789795 11.610970 -90.880981 0.000000 0.000000  1
38.679882 11.597690 -90.798042 0.000000 0.000000  1
38.570202 11.584273 -90.714722 0.000000 0.000000  1
38.460758 11.570730 -90.631035 0.000000 0.000000  1
38.351555 11.557053 -90.546974 0.000000 0.000000  1
38.242577 11.543240 -90.462532 0.000000 0.000000  1
38.133835 11.529297 -90.377724 0.000000 0.000000  1
38.025326 11.515220 -90.292542 0.000000 0.000000  1
37.917053 11.501003 -90.206978 0.000000 0.000000  1
37.809013 11.486651 -90.121040 0.000000 0.000000  1
37.701210 11.472163 -90.034729 0.000000 0.000000  1
37.593639 11.457538 -89.948044 0.000000 0.000000  1
37.486301 11.442775 -89.860985 0.000000 0.000000  1
37.379200 11.427873 -89.773552 0.000000 0.000000  1
37.272335 11.412830 -89.685745 0.000000 0.000000  1
37.165699 11.397647 -89.597557 0.000000 0.000000  1
37.059299 11.382319 -89.508987 0.000000 0.000000  1
36.953133 11.366855 -89.420052 0.000000 0.000000  1
36.847198 11.351244 -89.330734 0.000000 0.000000  1
36.741501 11.335491 -89.241043 0.000000 0.000000  1
36.636040 11.319592 -89.150970 0.000000 0.000000  1
36.530807 11.303551 -89.060524 0.000000 0.000000  1
36.425812 11.287364 -88.969704 0.000000 0.000000  1
36.321053 11.271029 -88.878502 0.000000 0.000000  1
36.216522 11.254549 -88.786926 0.000000 0.000000  1
36.112225 11.237919 -88.694969 0.000000 0.000000  1
36.008163 11.221139 -88.602631 0.000000 0.000000  1
35.904335 11.204208 -88.509911 0.000000 0.000000  1
35.800739 11.187133 -88.416824 0.000000 0.000000  1
37.806530 11.800762 -92.119698 0.000000 0.000000  1
37.776886 11.793365 -92.069336 0.000000 0.000000  1
37.747284 11.785933 -92.018921 0.000000 0.000000  1
37.717720 11.778468 -91.968460 0.000000 0.000000  1
37.688194 11.770963 -91.917938 0.000000 0.000000  1
37.658707 11.763427 -91.867371 0.000000 0.000000  1
37.629261 11.755851 -91.816742 0.000000 0.000000  1
37.599854 11.748244 -91.766068 0.000000 0.000000  1
37.570484 11.740600 -91.715340 0.000000 0.000000  1
37.541157 11.732920 -91.664558 0.000000 0.000000  1
37.511868 11.725204 -91.613724 0.000000 0.000000  1
37.482616 11.717452 -91.562836 0.000000 0.000000  1
37.453403 11.709668 -91.511902 0.000000 0.000000  1
37.424229 11.701844 -91.460907 0.000000 0.000000  1
37.395096 11.693988 -91.409866 0.000000 0.000000  1
37.366001 11.686096 -91.358772 0.000000 0.000000  1
37.336945 11.678168 -91.307625 0.000000 0.000000  1
37.307926 11.670205 -91.256424 0.000000 0.000000  1
37.278946 11.662205 -91.205170 0.000000 0.000000  1
37.250000 11.654167 -91.153854 0.000000 0.000000  1
37.221096 11.646095 -91.102493 0.000000 0.000000  1
37.192234 11.637987 -91.051079 0.000000 0.000000  1
37.163406 11.629847 -90.999619 0.000000 0.000000  1
37.134617 11.621667 -90.948097 0.000000 0.000000  1
37.105869 11.613454 -90.896530 0.000000 0.000000  1
37.077156 11.605202 -90.844902 0.000000 0.000000  1
37.048481 11.596917 -90.793228 0.000000 0.000000  1
37.019848 11.588593 -90.741493 0.000000 0.000000  1
36.991249 11.580235 -90.689713 0.000000 0.000000  1
36.962688 11.571838 -90.637871 0.000000 0.000000  1
36.934166 11.563409 -90.585983 0.000000 0.000000  1
36.905678 11.554941 -90.534035 0.000000 0.000000  1
36.877232 11.546436 -90.482033 0.000000 0.000000  1
36.848824 11.537898 -90.429985 0.000000 0.000000  1
36.820450 11.529325 -90.377884 0.000000 0.000000  1
36.792114 11.520710 -90.325722 0.000000 0.000000  1
36.763821 11.512063 -90.273514 0.000000 0.000000  1
36.735558 11.503381 -90.221252 0.000000 0.000000  1
36.707336 11.494658 -90.168930 0.000000 0.000000  1
36.679153 11.485903 -90.116562 0.000000 0.000000  1
36.651005 11.477107 -90.064133 0.000000 0.000000  1
36.622894 11.468279 -90.011658 0.000000 0.000000  1
36.594818 11.459409 -89.959114 0.000000 0.000000  1
36.566780 11.450508 -89.906532 0.000000 0.000000  1
36.538780 11.441567 -89.853889 0.000000 0.000000  1
36.510818 11.432590 -89.801193 0.000000 0.000000  1
36.482891 11.423581 -89.748451 0.000000 0.000000  1
36.455002 11.414531 -89.695648 0.000000 0.000000  1
36.427151 11.405445 -89.642792 0.000000 0.000000  1
36.399334 11.396322 -89.589882 0.000000 0.000000  1
36.371555 11.387159 -89.536911 0.000000 0.000000  1
36.343811 11.377964 -89.483894 0.000000 0.000000  1
36.316105 11.368732 -89.430824 0.000000 0.000000  1
36.288433 11.359462 -89.377693 0.000000 0.000000  1
36.260799 11.350153 -89.324509 0.000000 0.000000  1
36.233204 11.340808 -89.271271 0.000000 0.000000  1
36.205643 11.331430 -89.217987 0.000000 0.000000  1
36.178116 11.322013 -89.164642 0.000000 0.000000  1
36.150627 11.312554 -89.111237 0.000000 0.000000  1
36.123177 11.303063 -89.057785 0.000000 0.000000  1
36.095757 11.293536 -89.004280 0.000000 0.000000  1
36.068378 11.283969 -88.950714 0.000000 0.000000  1
36.041031 11.274364 -88.897095 0.000000 0.000000  1
36.013721 11.264724 -88.843422 0.000000 0.000000  1
35.986450 11.255046 -88.789696 0.000000 0.000000  1
35.959213 11.245333 -88.735916 0.000000 0.000000  1
35.932011 11.235579 -88.682076 0.000000 0.000000  1
35.904842 11.225791 -88.628189 0.000000 0.000000  1
35.877712 11.215961 -88.574234 0.000000 0.000000  1
35.850616 11.206098 -88.520233 0.000000 0.000000  1
35.823555 11.196198 -88.466179 0.000000 0.000000  0
33.846207 12.236931 -95.553703 0.000000 0.000000  0
33.874771 12.236252 -95.547333 0.000000 0.000000  1
33.903122 12.235493 -95.540199 0.000000 0.000000  1
33.931255 12.234650 -95.532303 0.000000 0.000000  1
33.959156 12.233728 -95.523659 0.000000 0.000000  1
33.986813 12.232724 -95.514259 0.000000 0.000000  1
34.014217 12.231637 -95.504105 0.000000 0.000000  1
34.041355 12.230471 -95.493210 0.000000 0.000000  1
34.068214 12.229220 -95.481567 0.000000 0.000000  1
34.094791 12.227895 -95.469200 0.000000 0.000000  1
34.121067 12.226484 -95.456093 0.000000 0.000000  1
34.147041 12.224995 -95.442261 0.000000 0.000000  1
34.172695 12.223424 -95.427704 0.000000 0.000000  1
34.198025 12.221774 -95.412437 0.000000 0.000000  1
34.223011 12.220042 -95.396454 0.000000 0.000000  1
34.247654 12.218232 -95.379768 0.000000 0.000000  1
34.271942 12.216341 -95.362381 0.000000 0.000000  1
34.295860 12.214371 -95.344299 0.000000 0.000000  1
34.319405 12.212326 -95.325546 0.000000 0.000000  1
34.342567 12.210199 -95.306107 0.000000 0.000000  1
34.365330 12.207993 -95.285988 0.000000 0.000000  1
34.387699 12.205710 -95.265221 0.000000 0.000000  1
34.409653 12.203347 -95.243782 0.000000 0.000000  1
34.431190 12.200909 -95.221703 0.000000 0.000000  1
34.452297 12.198395 -95.198990 0.000000 0.000000  1
34.472973 12.195803 -95.175636 0.000000 0.000000  1
34.493206 12.193134 -95.151665 0.000000 0.000000  1
34.512989 12.190392 -95.127083 0.000000 0.000000  1
34.532310 12.187571 -95.101883 0.000000 0.000000  1
34.551174 12.184678 -95.076103 0.000000 0.000000  1
34.569561 12.181713 -95.049736 0.000000 0.000000  1
34.587471 12.178670 -95.022781 0.000000 0.000000  1
34.604897 12.175552 -94.995262 0.000000 0.000000  1
34.621834 12.172366 -94.967194 0.000000 0.000000  1
34.638271 12.169107 -94.938576 0.000000 0.000000  1
34.654209 12.165778 -94.909424 0.000000 0.000000  1
34.669640 12.162375 -94.879745 0.000000 0.000000  1
34.684551 12.158906 -94.849556 0.000000 0.000000  1
34.698948 12.155362 -94.818855 0.000000 0.000000  1
34.712818 12.151753 -94.787666 0.000000 0.000000  1
34.726162 12.148077 -94.755997 0.000000 0.000000  1
34.738972 12.144334 -94.723862 0.000000 0.000000  1
34.751247 12.140523 -94.691269 0.000000 0.000000  1
34.762978 12.136651 -94.658234 0.000000 0.000000  1
34.774166 12.132710 -94.624756 0.000000 0.000000  1
34.784809 12.128708 -94.590866 0.000000 0.000000  1
34.794895 12.124640 -94.556557 0.000000 0.000000  1
34.804428 12.120513 -94.521858 0.000000 0.000000  1
34.813400 12.116328 -94.486778 0.000000 0.000000  1
34.821815 12.112081 -94.451324 0.000000 0.000000  1
34.829670 12.107777 -94.415512 0.000000 0.000000  1
34.836960 12.103415 -94.379356 0.000000 0.000000  1
34.843678 12.098997 -94.342865 0.000000 0.000000  1
34.849831 12.094524 -94.306061 0.000000 0.000000  1
34.855415 12.090001 -94.268951 0.000000 0.000000  1
34.860424 12.085423 -94.231544 0.000000 0.000000  1
34.864864 12.080793 -94.193863 0.000000 0.000000  1
34.868732 12.076115 -94.155914 0.000000 0.000000  1
34.872028 12.071390 -94.117722 0.000000 0.000000  1
34.874744 12.066617 -94.079285 0.000000 0.000000  1
34.876892 12.061797 -94.040627 0.000000 0.000000  1
34.878464 12.056936 -94.001762 0.000000 0.000000  1
34.879463 12.052031 -93.962700 0.000000 0.000000  1
34.879890 12.047085 -93.923454 0.000000 0.000000  1
34.879745 12.042101 -93.884048 0.000000 0.000000  1
34.879028 12.037080 -93.844490 0.000000 0.000000  1
34.877739 12.032023 -93.804794 0.000000 0.000000  1
34.875885 12.026929 -93.764969 0.000000 0.000000  1
34.873463 12.021807 -93.725044 0.000000 0.000000  1
34.870476 12.016649 -93.685013 0.000000 0.000000  1
34.866924 12.011467 -93.644913 0.000000 0.000000  1
34.862812 12.006253 -93.604736 0.000000 0.000000  1
34.858147 12.001019 -93.564522 0.000000 0.000000  1
34.852921 11.995758 -93.524261 0.000000 0.000000  1
34.847145 11.990477 -93.483986 0.000000 0.000000  1
34.840820 11.985176 -93.443703 0.000000 0.000000  1
34.833946 11.979856 -93.403419 0.000000 0.000000  1
34.826530 11.974522 -93.363167 0.000000 0.000000  1
34.818573 11.969173 -93.322945 0.000000 0.000000  1
34.810085 11.963816 -93.282784 0.000000 0.000000  1
34.801064 11.958447 -93.242683 0.000000 0.000000  1
34.791512 11.953070 -93.202660 0.000000 0.000000  1
34.781437 11.947687 -93.162735 0.000000 0.000000  1
34.770847 11.942301 -93.122917 0.000000 0.000000  1
34.759739 11.936916 -93.083229 0.000000 0.000000  1
34.748127 11.931530 -93.043678 0.000000 0.000000  1
34.736008 11.926149 -93.004280 0.000000 0.000000  1
34.723389 11.920774 -92.965050 0.000000 0.000000  1
34.710281 11.915406 -92.926003 0.000000 0.000000  1
34.696682 11.910046 -92.887146 0.000000 0.000000  1
34.682598 11.904699 -92.848503 0.000000 0.000000  1
34.668041 11.899366 -92.810081 0.000000 0.000000  1
34.653011 11.894052 -92.771904 0.000000 0.000000  1
34.637520 11.888756 -92.733978 0.000000 0.000000  1
34.621567 11.883481 -92.696312 0.000000 0.000000  1
34.605167 11.878227 -92.658928 0.000000 0.000000  1
34.588318 11.873002 -92.621841 0.000000 0.000000  1
34.571033 11.867805 -92.585060 0.000000 0.000000  1
34.553314 11.862641 -92.548607 0.000000 0.000000  1
34.535168 11.857508 -92.512482 0.000000 0.000000  1
34.516605 11.852408 -92.476700 0.000000 0.000000  1
34.497631 11.847345 -92.441277 0.000000 0.000000  1
34.478256 11.842324 -92.406235 0.000000 0.000000  1
34.458485 11.837344 -92.371574 0.000000 0.000000  1
34.438324 11.832411 -92.337318 0.000000 0.000000  1
34.417782 11.827523 -92.303474 0.000000 0.000000  1
34.396870 11.822683 -92.270050 0.000000 0.000000  1
34.375584 11.817895 -92.237061 0.000000 0.000000  1
34.353947 11.813162 -92.204529 0.000000 0.000000  1
34.331959 11.808481 -92.172447 0.000000 0.000000  1
34.309631 11.803862 -92.140846 0.000000 0.000000  1
34.286968 11.799301 -92.109726 0.000000 0.000000  1
34.263981 11.794803 -92.079102 0.000000 0.000000  1
34.240681 11.790370 -92.048988 0.000000 0.000000  1
34.217068 11.786001 -92.019386 0.000000 0.000000  1
34.193153 11.781704 -91.990318 0.000000 0.000000  1
34.168953 11.777479 -91.961792 0.000000 0.000000  1
34.144470 11.773324 -91.933815 0.000000 0.000000  1
34.119713 11.769244 -91.906395 0.000000 0.000000  1
34.094688 11.765244 -91.879555 0.000000 0.000000  1
34.069412 11.761320 -91.853287 0.000000 0.000000  1
34.043888 11.757480 -91.827614 0.000000 0.000000  1
34.018127 11.753722 -91.802544 0.000000 0.000000  1
33.992138 11.750050 -91.778084 0.000000 0.000000  1
33.965927 11.746462 -91.754242 0.000000 0.000000  1
33.939507 11.742968 -91.731033 0.000000 0.000000  1
33.912888 11.739557 -91.708450 0.000000 0.000000  1
33.886074 11.736245 -91.686523 0.000000 0.000000  1
33.859085 11.733023 -91.665245 0.000000 0.000000  1
33.831917 11.729897 -91.644630 0.000000 0.000000  1
33.804588 11.726870 -91.624687 0.000000 0.000000  1
33.777100 11.723940 -91.605415 0.000000 0.000000  1
33.749474 11.721112 -91.586838 0.000000 0.000000  1
33.721710 11.718386 -91.568947 0.000000 0.000000  1
33.693821 11.715761 -91.551750 0.000000 0.000000  1
33.665817 11.713240 -91.535255 0.000000 0.000000  1
33.637707 11.710826 -91.519478 0.000000 0.000000  1
33.609501 11.708524 -91.504425 0.000000 0.000000  1
33.581203 11.706324 -91.490082 0.000000 0.000000  1
33.552834 11.704238 -91.476479 0.000000 0.000000  1
33.524395 11.702260 -91.463600 0.000000 0.000000  1
33.495899 11.700393 -91.451462 0.000000 0.000000  1
33.467354 11.698641 -91.440071 0.000000 0.000000  1
33.438770 11.697003 -91.429428 0.000000 0.000000  1
33.410156 11.695478 -91.419533 0.000000 0.000000  1
33.381531 11.694068 -91.410393 0.000000 0.000000  1
33.352886 11.692778 -91.402016 0.000000 0.000000  1
33.324245 11.691604 -91.394402 0.000000 0.000000  1
33.295616 11.690543 -91.387550 0.000000 0.000000  1
33.267006 11.689605 -91.381470 0.000000 0.000000  1
33.238426 11.688784 -91.376160 0.000000 0.000000  1
33.209885 11.688086 -91.371628 0.000000 0.000000  1
33.181393 11.687504 -91.367867 0.000000 0.000000  1
33.152954 11.687039 -91.364876 0.000000 0.000000  1
33.124588 11.686700 -91.362671 0.000000 0.000000  1
33.096298 11.686480 -91.361244 0.000000 0.000000  1
33.068096 11.686376 -91.360588 0.000000 0.000000  1
33.039993 11.686398 -91.360725 0.000000 0.000000  1
33.011993 11.686541 -91.361641 0.000000 0.000000  1
32.984104 11.686800 -91.363327 0.000000 0.000000  1
32.956348 11.687182 -91.365799 0.000000 0.000000  1
32.928722 11.687685 -91.369049 0.000000 0.000000  1
32.901245 11.688311 -91.373085 0.000000 0.000000  1
32.873913 11.689052 -91.377884 0.000000 0.000000  1
32.846748 11.689915 -91.383469 0.000000 0.000000  1
32.819756 11.690893 -91.389816 0.000000 0.000000  1
32.792938 11.691994 -91.396942 0.000000 0.000000  1
32.766315 11.693213 -91.404839 0.000000 0.000000  1
32.739895 11.694549 -91.413498 0.000000 0.000000  1
32.713673 11.695998 -91.422913 0.000000 0.000000  1
32.687675 11.697568 -91.433098 0.000000 0.000000  1
32.661900 11.699253 -91.444038 0.000000 0.000000  1
32.636360 11.701050 -91.455727 0.000000 0.000000  1
32.611065 11.702958 -91.468155 0.000000 0.000000  1
32.586021 11.704983 -91.481339 0.000000 0.000000  1
32.561237 11.707116 -91.495255 0.000000 0.000000  1
32.536720 11.709361 -91.509903 0.000000 0.000000  1
32.512486 11.711715 -91.525284 0.000000 0.000000  1
32.488537 11.714179 -91.541389 0.000000 0.000000  1
32.464878 11.716747 -91.558205 0.000000 0.000000  1
32.441528 11.719419 -91.575729 0.000000 0.000000  1
32.418484 11.722198 -91.593964 0.000000 0.000000  1
32.395760 11.725075 -91.612885 0.000000 0.000000  1
32.373363 11.728057 -91.632507 0.000000 0.000000  1
32.351299 11.731138 -91.652809 0.000000 0.000000  1
32.329582 11.734319 -91.673790 0.000000 0.000000  1
32.308212 11.737590 -91.695427 0.000000 0.000000  1
32.287201 11.740961 -91.717735 0.000000 0.000000  1
32.266556 11.744422 -91.740692 0.000000 0.000000  1
32.246284 11.747974 -91.764290 0.000000 0.000000  1
32.226391 11.751616 -91.788521 0.000000 0.000000  1
32.206886 11.755349 -91.813385 0.000000 0.000000  1
32.187775 11.759164 -91.838860 0.000000 0.000000  1
32.169067 11.763064 -91.864944 0.000000 0.000000  1
32.150768 11.767045 -91.891624 0.000000 0.000000  1
32.132881 11.771106 -91.918892 0.000000 0.000000  1
32.115417 11.775242 -91.946732 0.000000 0.000000  1
32.098381 11.779458 -91.975143 0.000000 0.000000  1
32.081779 11.783747 -92.004112 0.000000 0.000000  1
32.065617 11.788105 -92.033623 0.000000 0.000000  1
32.049904 11.792533 -92.063667 0.000000 0.000000  1
28.726131 12.106008 -94.400826 0.000000 0.000000  0
28.673054 12.110409 -94.437386 0.000000 0.000000  1
28.620319 12.114882 -94.474693 0.000000 0.000000  1
28.567949 12.119427 -94.512733 0.000000 0.000000  1
28.515965 12.124042 -94.551498 0.000000 0.000000  1
28.464386 12.128719 -94.590965 0.000000 0.000000  1
28.413235 12.133459 -94.631111 0.000000 0.000000  1
28.362535 12.138257 -94.671928 0.000000 0.000000  1
28.312309 12.143112 -94.713394 0.000000 0.000000  1
28.262573 12.148018 -94.755493 0.000000 0.000000  1
28.213352 12.152976 -94.798210 0.000000 0.000000  1
28.164665 12.157978 -94.841515 0.000000 0.000000  1
28.116537 12.163025 -94.885406 0.000000 0.000000  1
28.068987 12.168115 -94.929863 0.000000 0.000000  1
28.022034 12.173238 -94.974854 0.000000 0.000000  1
27.975704 12.178396 -95.020370 0.000000 0.000000  1
27.930008 12.183588 -95.066391 0.000000 0.000000  1
27.884975 12.188807 -95.112900 0.000000 0.000000  1
27.840622 12.194048 -95.159866 0.000000 0.000000  1
27.796965 12.199314 -95.207283 0.000000 0.000000  1
27.754030 12.204598 -95.255127 0.000000 0.000000  1
27.711836 12.209900 -95.303383 0.000000 0.000000  1
27.670399 12.215212 -95.352020 0.000000 0.000000  1
27.629738 12.220539 -95.401031 0.000000 0.000000  1
27.589872 12.225867 -95.450378 0.000000 0.000000  1
27.550823 12.231204 -95.500061 0.000000 0.000000  1
27.512606 12.236541 -95.550049 0.000000 0.000000  1
27.475241 12.241879 -95.600327 0.000000 0.000000  1
27.438744 12.247211 -95.650864 0.000000 0.000000  1
27.403131 12.252536 -95.701645 0.000000 0.000000  1
27.368422 12.257852 -95.752655 0.000000 0.000000  1
27.334635 12.263154 -95.803864 0.000000 0.000000  1
27.301785 12.268444 -95.855263 0.000000 0.000000  1
27.269888 12.273717 -95.906822 0.000000 0.000000  1
27.238958 12.278968 -95.958519 0.000000 0.000000  1
27.209013 12.284199 -96.010338 0.000000 0.000000  1
27.180069 12.289404 -96.062256 0.000000 0.000000  1
27.152138 12.294582 -96.114250 0.000000 0.000000  1
27.125237 12.299729 -96.166298 0.000000 0.000000  1
27.099377 12.304848 -96.218384 0.000000 0.000000  1
27.074575 12.309927 -96.270477 0.000000 0.000000  1
27.050844 12.314974 -96.322571 0.000000 0.000000  1
27.028196 12.319985 -96.374641 0.000000 0.000000  1
27.006643 12.324951 -96.426651 0.000000 0.000000  1
26.986198 12.329877 -96.478592 0.000000 0.000000  1
26.966869 12.334759 -96.530441 0.000000 0.000000  1
26.948675 12.339597 -96.582184 0.000000 0.000000  1
26.931618 12.344383 -96.633781 0.000000 0.000000  1
26.915710 12.349122 -96.685226 0.000000 0.000000  1
26.900967 12.353808 -96.736496 0.000000 0.000000  1
26.887394 12.358442 -96.787567 0.000000 0.000000  1
26.874998 12.363021 -96.838417 0.000000 0.000000  1
26.863789 12.367545 -96.889030 0.000000 0.000000  1
26.853775 12.372010 -96.939377 0.000000 0.000000  1
26.844965 12.376418 -96.989449 0.000000 0.000000  1
26.837364 12.380766 -97.039215 0.000000 0.000000  1
26.830975 12.385054 -97.088661 0.000000 0.000000  1
26.825806 12.389277 -97.137756 0.000000 0.000000  1
26.821865 12.393433 -97.186485 0.000000 0.000000  1
26.819153 12.397530 -97.234840 0.000000 0.000000  1
26.817675 12.401556 -97.282776 0.000000 0.000000  1
26.817436 12.405520 -97.330299 0.000000 0.000000  1
26.818434 12.409412 -97.377365 0.000000 0.000000  1
26.820679 12.413239 -97.423973 0.000000 0.000000  1
26.824165 12.416998 -97.470100 0.000000 0.000000  1
26.828897 12.420683 -97.515717 0.000000 0.000000  1
26.834875 12.424301 -97.560814 0.000000 0.000000  1
26.842096 12.427844 -97.605354 0.000000 0.000000  1
26.850565 12.431317 -97.649345 0.000000 0.000000  1
26.860275 12.434717 -97.692749 0.000000 0.000000  1
26.871225 12.438047 -97.735558 0.000000 0.000000  1
26.883415 12.441302 -97.777740 0.000000 0.000000  1
26.896843 12.444484 -97.819290 0.000000 0.000000  1
26.911499 12.447592 -97.860184 0.000000 0.000000  1
26.927382 12.450624 -97.900398 0.000000 0.000000  1
26.944489 12.453582 -97.939926 0.000000 0.000000  1
26.962809 12.456468 -97.978745 0.000000 0.000000  1
26.982340 12.459276 -98.016838 0.000000 0.000000  1
27.003071 12.462010 -98.054184 0.000000 0.000000  1
27.024998 12.464670 -98.090775 0.000000 0.000000  1
27.048113 12.467257 -98.126595 0.000000 0.000000  1
27.072405 12.469768 -98.161613 0.000000 0.000000  1
27.097864 12.472206 -98.195831 0.000000 0.000000  1
27.124479 12.474566 -98.229218 0.000000 0.000000  1
27.152243 12.476853 -98.261772 0.000000 0.000000  1
27.181139 12.479063 -98.293465 0.000000 0.000000  1
27.211159 12.481202 -98.324295 0.000000 0.000000  1
27.242289 12.483263 -98.354233 0.000000 0.000000  1
27.274519 12.485254 -98.383286 0.000000 0.000000  1
27.307825 12.487167 -98.411415 0.000000 0.000000  1
27.342207 12.489010 -98.438629 0.000000 0.000000  1
27.377640 12.490778 -98.464905 0.000000 0.000000  1
27.414108 12.492471 -98.490227 0.000000 0.000000  1
27.451595 12.494093 -98.514587 0.000000 0.000000  1
27.490089 12.495639 -98.537971 0.000000 0.000000  1
27.529568 12.497115 -98.560371 0.000000 0.000000  1
27.570017 12.498516 -98.581772 0.000000 0.000000  1
27.611412 12.499847 -98.602165 0.000000 0.000000  1
27.653742 12.501105 -98.621544 0.000000 0.000000  1
27.696980 12.502295 -98.639900 0.000000 0.000000  1
27.741106 12.503409 -98.657204 0.000000 0.000000  1
27.786104 12.504454 -98.673470 0.000000 0.000000  1
27.831951 12.505424 -98.688675 0.000000 0.000000  1
27.878624 12.506327 -98.702820 0.000000 0.000000  1
27.926100 12.507157 -98.715897 0.000000 0.000000  1
27.974358 12.507918 -98.727890 0.000000 0.000000  1
28.023375 12.508606 -98.738800 0.000000 0.000000  1
28.073126 12.509227 -98.748619 0.000000 0.000000  1
28.123589 12.509775 -98.757339 0.000000 0.000000  1
28.174736 12.510252 -98.764954 0.000000 0.000000  1
28.226545 12.510658 -98.771454 0.000000 0.000000  1
28.278992 12.510995 -98.776848 0.000000 0.000000  1
28.332048 12.511263 -98.781128 0.000000 0.000000  1
28.385687 12.511460 -98.784286 0.000000 0.000000  1
28.439886 12.511589 -98.786324 0.000000 0.000000  1
28.494616 12.511643 -98.787224 0.000000 0.000000  1
28.549852 12.511631 -98.787010 0.000000 0.000000  1
28.605566 12.511548 -98.785660 0.000000 0.000000  1
28.661730 12.511393 -98.783180 0.000000 0.000000  1
28.718315 12.511168 -98.779572 0.000000 0.000000  1
28.775297 12.510868 -98.774826 0.000000 0.000000  1
28.832644 12.510503 -98.768959 0.000000 0.000000  1
28.890329 12.510062 -98.761955 0.000000 0.000000  1
28.948326 12.509555 -98.753838 0.000000 0.000000  1
29.006603 12.508971 -98.744583 0.000000 0.000000  1
29.065134 12.508315 -98.734207 0.000000 0.000000  1
29.123884 12.507587 -98.722710 0.000000 0.000000  1
29.182835 12.506788 -98.710106 0.000000 0.000000  1
29.241947 12.505917 -98.696388 0.000000 0.000000  1
29.301201 12.504971 -98.681564 0.000000 0.000000  1
29.360556 12.503949 -98.665634 0.000000 0.000000  1
29.419992 12.502855 -98.648613 0.000000 0.000000  1
29.479481 12.501687 -98.630508 0.000000 0.000000  1
29.538986 12.500444 -98.611320 0.000000 0.000000  1
29.598482 12.499125 -98.591057 0.000000 0.000000  1
29.657942 12.497729 -98.569725 0.000000 0.000000  1
29.717335 12.496258 -98.547340 0.000000 0.000000  1
29.776632 12.494708 -98.523903 0.000000 0.000000  1
29.835804 12.493086 -98.499435 0.000000 0.000000  1
29.894821 12.491383 -98.473930 0.000000 0.000000  1
29.953661 12.489601 -98.447411 0.000000 0.000000  1
30.012287 12.487741 -98.419884 0.000000 0.000000  1
30.070679 12.485805 -98.391365 0.000000 0.000000  1
30.128803 12.483788 -98.361862 0.000000 0.000000  1
30.186634 12.481691 -98.331390 0.000000 0.000000  1
30.244141 12.479514 -98.299957 0.000000 0.000000  1
30.301306 12.477259 -98.267586 0.000000 0.000000  1
30.358091 12.474921 -98.234283 0.000000 0.000000  1
30.414476 12.472507 -98.200073 0.000000 0.000000  1
30.470432 12.470008 -98.164955 0.000000 0.000000  1
30.525936 12.467427 -98.128952 0.000000 0.000000  1
30.525948 12.467426 -98.128944 0.000000 0.000000  1
30.487955 12.462202 -98.056778 0.000000 0.000000  1
30.450047 12.456894 -97.984512 0.000000 0.000000  1
30.412226 12.451505 -97.912148 0.000000 0.000000  1
30.374489 12.446036 -97.839691 0.000000 0.000000  1
30.336836 12.440486 -97.767136 0.000000 0.000000  1
30.299267 12.434854 -97.694481 0.000000 0.000000  1
30.261786 12.429140 -97.621735 0.000000 0.000000  1
30.224386 12.423346 -97.548889 0.000000 0.000000  1
30.187069 12.417470 -97.475945 0.000000 0.000000  1
30.149836 12.411514 -97.402908 0.000000 0.000000  1
30.112686 12.405478 -97.329773 0.000000 0.000000  1
30.075619 12.399358 -97.256538 0.000000 0.000000  1
30.038635 12.393155 -97.183205 0.000000 0.000000  1
30.001732 12.386870 -97.109772 0.000000 0.000000  1
29.964912 12.380507 -97.036247 0.000000 0.000000  1
29.928175 12.374062 -96.962624 0.000000 0.000000  1
29.891518 12.367534 -96.888901 0.000000 0.000000  1
29.854944 12.360927 -96.815086 0.000000 0.000000  1
29.818453 12.354235 -96.741173 0.000000 0.000000  1
29.782040 12.347463 -96.667160 0.000000 0.000000  1
29.745707 12.340605 -96.593040 0.000000 0.000000  1
29.709455 12.333668 -96.518829 0.000000 0.000000  1
29.673285 12.326653 -96.444527 0.000000 0.000000  1
29.637192 12.319551 -96.370117 0.000000 0.000000  1
29.601181 12.312369 -96.295616 0.000000 0.000000  1
29.565248 12.305102 -96.221008 0.000000 0.000000  1
29.529394 12.297757 -96.146309 0.000000 0.000000  1
29.493622 12.290328 -96.071510 0.000000 0.000000  1
29.457926 12.282818 -95.996613 0.000000 0.000000  1
29.422312 12.275222 -95.921616 0.000000 0.000000  1
29.386774 12.267547 -95.846519 0.000000 0.000000  1
29.351313 12.259788 -95.771324 0.000000 0.000000  1
29.315931 12.251946 -95.696030 0.000000 0.000000  1
29.280626 12.244027 -95.620644 0.000000 0.000000  1
29.245399 12.236021 -95.545151 0.000000 0.000000  1
29.210249 12.227932 -95.469559 0.000000 0.000000  1
29.175177 12.219761 -95.393867 0.000000 0.000000  1
29.140179 12.211508 -95.318077 0.000000 0.000000  1
29.105259 12.203171 -95.242188 0.000000 0.000000  1
29.070415 12.194753 -95.166199 0.000000 0.000000  1
29.035648 12.186251 -95.090111 0.000000 0.000000  1
29.000959 12.177669 -95.013931 0.000000 0.000000  1
28.966343 12.169003 -94.937645 0.000000 0.000000  1
28.931803 12.160254 -94.861259 0.000000 0.000000  1
28.897337 12.151418 -94.784767 0.000000 0.000000  1
28.862947 12.142504 -94.708183 0.000000 0.000000  1
28.828632 12.133504 -94.631493 0.000000 0.000000  1
28.794390 12.124420 -94.554703 0.000000 0.000000  1
28.760223 12.115255 -94.477814 0.000000 0.000000  1
28.726131 12.106008 -94.400826 0.000000 0.000000  1
24.962790 12.619010 -101.255852 0.000000 0.000000  0
24.947828 12.618219 -101.223076 0.000000 0.000000  1
24.932886 12.617414 -101.190292 0.000000 0.000000  1
24.917959 12.616586 -101.157478 0.000000 0.000000  1
24.903049 12.615742 -101.124649 0.000000 0.000000  1
24.888155 12.614881 -101.091805 0.000000 0.000000  1
24.873280 12.614001 -101.058945 0.000000 0.000000  1
24.858419 12.613103 -101.026062 0.000000 0.000000  1
24.843575 12.612185 -100.993156 0.000000 0.000000  1
24.828751 12.611251 -100.960243 0.000000 0.000000  1
24.813940 12.610296 -100.927299 0.000000 0.000000  1
24.799145 12.609324 -100.894341 0.000000 0.000000  1
24.784367 12.608335 -100.861366 0.000000 0.000000  1
24.769608 12.607325 -100.828369 0.000000 0.000000  1
24.754864 12.606299 -100.795357 0.000000 0.000000  1
24.740135 12.605253 -100.762321 0.000000 0.000000  1
24.725424 12.604193 -100.729279 0.000000 0.000000  1
24.710730 12.603110 -100.696205 0.000000 0.000000  1
24.696051 12.602011 -100.663116 0.000000 0.000000  1
24.681387 12.600891 -100.630005 0.000000 0.000000  1
24.666742 12.599756 -100.596886 0.000000 0.000000  1
24.652113 12.598599 -100.563736 0.000000 0.000000  1
24.637499 12.597426 -100.530571 0.000000 0.000000  1
24.622902 12.596238 -100.497398 0.000000 0.000000  1
24.608320 12.595028 -100.464195 0.000000 0.000000  1
24.593756 12.593798 -100.430969 0.000000 0.000000  1
24.579206 12.592550 -100.397728 0.000000 0.000000  1
24.564674 12.591289 -100.364479 0.000000 0.000000  1
24.550158 12.590004 -100.331200 0.000000 0.000000  1
24.535658 12.588704 -100.297905 0.000000 0.000000  1
24.521175 12.587384 -100.264595 0.000000 0.000000  1
24.506706 12.586047 -100.231262 0.000000 0.000000  1
24.492252 12.584689 -100.197906 0.000000 0.000000  1
24.477816 12.583315 -100.164536 0.000000 0.000000  1
24.463398 12.581922 -100.131149 0.000000 0.000000  1
24.448992 12.580511 -100.097740 0.000000 0.000000  1
24.434603 12.579083 -100.064316 0.000000 0.000000  1
24.420233 12.577637 -100.030876 0.000000 0.000000  1
24.405874 12.576168 -99.997406 0.000000 0.000000  1
24.391533 12.574683 -99.963921 0.000000 0.000000  1
24.377209 12.573182 -99.930420 0.000000 0.000000  1
24.362900 12.571662 -99.896904 0.000000 0.000000  1
24.348606 12.570124 -99.863365 0.000000 0.000000  1
24.334328 12.568565 -99.829803 0.000000 0.000000  1
24.320068 12.566988 -99.796227 0.000000 0.000000  1
24.305820 12.565396 -99.762634 0.000000 0.000000  1
24.291590 12.563784 -99.729019 0.000000 0.000000  1
24.277374 12.562152 -99.695381 0.000000 0.000000  1
24.263176 12.560505 -99.661736 0.000000 0.000000  1
24.248991 12.558836 -99.628059 0.000000 0.000000  1
24.234823 12.557150 -99.594368 0.000000 0.000000  1
24.220673 12.555446 -99.560661 0.000000 0.000000  1
24.206533 12.553723 -99.526932 0.000000 0.000000  1
24.192411 12.551985 -99.493187 0.000000 0.000000  1
24.178305 12.550225 -99.459419 0.000000 0.000000  1
24.164215 12.548448 -99.425636 0.000000 0.000000  1
24.150141 12.546652 -99.391830 0.000000 0.000000  1
24.136080 12.544840 -99.358009 0.000000 0.000000  1
24.122034 12.543007 -99.324165 0.000000 0.000000  1
24.108007 12.541156 -99.290306 0.000000 0.000000  1
24.093992 12.539286 -99.256424 0.000000 0.000000  1
24.079994 12.537400 -99.222527 0.000000 0.000000  1
24.066011 12.535496 -99.188614 0.000000 0.000000  1
24.052044 12.533569 -99.154671 0.000000 0.000000  1
24.038090 12.531627 -99.120712 0.000000 0.000000  1
24.024153 12.529667 -99.086739 0.000000 0.000000  1
24.010231 12.527689 -99.052750 0.000000 0.000000  1
23.996323 12.525693 -99.018738 0.000000 0.000000  1
23.982431 12.523677 -98.984703 0.000000 0.000000  1
23.968555 12.521642 -98.950653 0.000000 0.000000  1
23.954693 12.519592 -98.916588 0.000000 0.000000  1
23.940845 12.517519 -98.882492 0.000000 0.000000  1
23.927013 12.515433 -98.848389 0.000000 0.000000  1
23.913198 12.513325 -98.814262 0.000000 0.000000  1
23.899397 12.511199 -98.780113 0.000000 0.000000  1
23.885611 12.509056 -98.745949 0.000000 0.000000  1
23.871840 12.506895 -98.711769 0.000000 0.000000  1
23.858082 12.504715 -98.677567 0.000000 0.000000  1
23.844339 12.502516 -98.643341 0.000000 0.000000  1
23.830612 12.500299 -98.609100 0.000000 0.000000  1
23.816902 12.498065 -98.574844 0.000000 0.000000  1
23.803205 12.495812 -98.540565 0.000000 0.000000  1
23.789522 12.493539 -98.506264 0.000000 0.000000  1
23.775856 12.491248 -98.471947 0.000000 0.000000  1
23.762203 12.488942 -98.437614 0.000000 0.000000  1
23.748564 12.486612 -98.403252 0.000000 0.000000  1
23.734940 12.484270 -98.368881 0.000000 0.000000  1
23.721334 12.481905 -98.334488 0.000000 0.000000  1
23.707739 12.479523 -98.300072 0.000000 0.000000  1
23.694160 12.477123 -98.265640 0.000000 0.000000  1
23.680597 12.474706 -98.231194 0.000000 0.000000  1
23.667046 12.472266 -98.196716 0.000000 0.000000  1
23.653511 12.469814 -98.162231 0.000000 0.000000  1
23.639992 12.467340 -98.127724 0.000000 0.000000  1
23.626484 12.464848 -98.093193 0.000000 0.000000  1
23.612993 12.462338 -98.058647 0.000000 0.000000  1
23.599518 12.459807 -98.024078 0.000000 0.000000  1
23.586054 12.457262 -97.989494 0.000000 0.000000  1
23.572605 12.454697 -97.954887 0.000000 0.000000  1
23.559174 12.452112 -97.920265 0.000000 0.000000  1
23.545753 12.449511 -97.885620 0.000000 0.000000  1
23.532349 12.446892 -97.850960 0.000000 0.000000  1
23.518959 12.444251 -97.816277 0.000000 0.000000  1
23.505583 12.441596 -97.781578 0.000000 0.000000  1
23.492222 12.438921 -97.746857 0.000000 0.000000  1
23.478872 12.436226 -97.712112 0.000000 0.000000  1
23.465542 12.433517 -97.677361 0.000000 0.000000  1
23.452223 12.430784 -97.642578 0.000000 0.000000  1
23.438917 12.428037 -97.607780 0.000000 0.000000  1
23.425629 12.425270 -97.572968 0.000000 0.000000  1
23.412352 12.422485 -97.538132 0.000000 0.000000  1
23.399090 12.419682 -97.503273 0.000000 0.000000  1
24.962790 12.619010 -101.255852 0.000000 0.000000  1
24.930628 12.619369 -101.271088 0.000000 0.000000  1
24.898445 12.619725 -101.286308 0.000000 0.000000  1
24.866251 12.620078 -101.301506 0.000000 0.000000  1
24.834036 12.620425 -101.316681 0.000000 0.000000  1
24.801805 12.620768 -101.331833 0.000000 0.000000  1
24.769558 12.621109 -101.346970 0.000000 0.000000  1
24.737293 12.621442 -101.362076 0.000000 0.000000  1
24.705015 12.621773 -101.377167 0.000000 0.000000  1
24.672716 12.622099 -101.392235 0.000000 0.000000  1
24.640402 12.622420 -101.407280 0.000000 0.000000  1
24.608070 12.622737 -101.422302 0.000000 0.000000  1
24.575724 12.623053 -101.437309 0.000000 0.000000  1
24.543358 12.623359 -101.452286 0.000000 0.000000  1
24.510977 12.623665 -101.467247 0.000000 0.000000  1
24.478580 12.623966 -101.482185 0.000000 0.000000  1
24.446165 12.624262 -101.497101 0.000000 0.000000  1
24.413734 12.624557 -101.512001 0.000000 0.000000  1
24.381287 12.624844 -101.526871 0.000000 0.000000  1
24.348822 12.625129 -101.541725 0.000000 0.000000  1
24.316341 12.625410 -101.556557 0.000000 0.000000  1
24.283842 12.625686 -101.571365 0.000000 0.000000  1
24.251329 12.625957 -101.586151 0.000000 0.000000  1
24.218798 12.626224 -101.600914 0.000000 0.000000  1
24.186251 12.626490 -101.615662 0.000000 0.000000  1
24.153685 12.626746 -101.630379 0.000000 0.000000  1
24.121105 12.627003 -101.645081 0.000000 0.000000  1
24.088507 12.627254 -101.659760 0.000000 0.000000  1
24.055893 12.627501 -101.674416 0.000000 0.000000  1
24.023264 12.627744 -101.689049 0.000000 0.000000  1
23.990614 12.627985 -101.703667 0.000000 0.000000  1
23.957952 12.628222 -101.718262 0.000000 0.000000  1
23.925270 12.628450 -101.732826 0.000000 0.000000  1
23.892574 12.628678 -101.747375 0.000000 0.000000  1
23.859859 12.628904 -101.761909 0.000000 0.000000  1
23.827129 12.629124 -101.776413 0.000000 0.000000  1
23.794384 12.629337 -101.790894 0.000000 0.000000  1
23.761620 12.629551 -101.805359 0.000000 0.000000  1
23.728840 12.629760 -101.819801 0.000000 0.000000  1
23.696045 12.629964 -101.834221 0.000000 0.000000  1
23.663233 12.630164 -101.848618 0.000000 0.000000  1
23.630404 12.630360 -101.862991 0.000000 0.000000  1
23.597559 12.630550 -101.877342 0.000000 0.000000  1
23.564695 12.630740 -101.891678 0.000000 0.000000  1
23.531818 12.630926 -101.905991 0.000000 0.000000  1
23.498922 12.631107 -101.920280 0.000000 0.000000  1
23.466011 12.631285 -101.934547 0.000000 0.000000  1
23.433084 12.631458 -101.948792 0.000000 0.000000  1
23.400141 12.631626 -101.963013 0.000000 0.000000  1
23.367180 12.631794 -101.977219 0.000000 0.000000  1
23.334202 12.631957 -101.991402 0.000000 0.000000  1
23.301208 12.632113 -102.005554 0.000000 0.000000  1
23.268200 12.632268 -102.019691 0.000000 0.000000  1
23.235172 12.632422 -102.033813 0.000000 0.000000  1
23.202131 12.632568 -102.047905 0.000000 0.000000  1
23.169071 12.632710 -102.061974 0.000000 0.000000  1
23.135998 12.632853 -102.076027 0.000000 0.000000  1
23.102905 12.632990 -102.090057 0.000000 0.000000  1
23.069798 12.633122 -102.104065 0.000000 0.000000  1
23.036674 12.633252 -102.118050 0.000000 0.000000  1
23.003534 12.633376 -102.132011 0.000000 0.000000  1
22.970377 12.633501 -102.145958 0.000000 0.000000  1
22.937204 12.633617 -102.159874 0.000000 0.000000  1
22.904016 12.633734 -102.173775 0.000000 0.000000  1
22.870810 12.633845 -102.187653 0.000000 0.000000  1
22.837589 12.633953 -102.201508 0.000000 0.000000  1
22.804350 12.634057 -102.215340 0.000000 0.000000  1
22.771097 12.634157 -102.229149 0.000000 0.000000  1
22.737825 12.634256 -102.242943 0.000000 0.000000  1
22.704538 12.634348 -102.256706 0.000000 0.000000  1
22.671236 12.634439 -102.270454 0.000000 0.000000  1
22.637917 12.634526 -102.284180 0.000000 0.000000  1
22.604584 12.634610 -102.297882 0.000000 0.000000  1
22.571232 12.634689 -102.311562 0.000000 0.000000  1
22.537865 12.634768 -102.325226 0.000000 0.000000  1
22.504480 12.634840 -102.338860 0.000000 0.000000  1
22.471081 12.634912 -102.352478 0.000000 0.000000  1
22.437666 12.634978 -102.366074 0.000000 0.000000  1
22.404234 12.635042 -102.379646 0.000000 0.000000  1
22.370787 12.635101 -102.393196 0.000000 0.000000  1
22.337322 12.635158 -102.406723 0.000000 0.000000  1
22.303843 12.635213 -102.420235 0.000000 0.000000  1
22.270346 12.635261 -102.433716 0.000000 0.000000  1
22.236834 12.635308 -102.447182 0.000000 0.000000  1
22.203306 12.635352 -102.460625 0.000000 0.000000  1
22.169762 12.635392 -102.474045 0.000000 0.000000  1
22.136202 12.635429 -102.487442 0.000000 0.000000  1
22.102625 12.635462 -102.500816 0.000000 0.000000  1
22.069033 12.635494 -102.514175 0.000000 0.000000  1
22.035427 12.635519 -102.527504 0.000000 0.000000  1
22.001802 12.635544 -102.540817 0.000000 0.000000  1
18.848843 12.625884 -103.669640 0.000000 0.000000  0
18.803724 12.626379 -103.643135 0.000000 0.000000  1
18.758650 12.626863 -103.616592 0.000000 0.000000  1
18.713619 12.627339 -103.590012 0.000000 0.000000  1
18.668634 12.627796 -103.563377 0.000000 0.000000  1
18.623692 12.628244 -103.536705 0.000000 0.000000  1
18.578794 12.628678 -103.509987 0.000000 0.000000  1
18.533941 12.629102 -103.483231 0.000000 0.000000  1
18.489132 12.629512 -103.456429 0.000000 0.000000  1
18.444366 12.629908 -103.429581 0.000000 0.000000  1
18.399645 12.630290 -103.402687 0.000000 0.000000  1
18.354969 12.630662 -103.375755 0.000000 0.000000  1
18.310335 12.631019 -103.348778 0.000000 0.000000  1
18.265749 12.631364 -103.321762 0.000000 0.000000  1
18.221203 12.631693 -103.294693 0.000000 0.000000  1
18.176704 12.632012 -103.267586 0.000000 0.000000  1
18.132248 12.632317 -103.240433 0.000000 0.000000  1
18.087835 12.632610 -103.213242 0.000000 0.000000  1
18.043467 12.632890 -103.186005 0.000000 0.000000  1
17.999142 12.633155 -103.158722 0.000000 0.000000  1
17.954861 12.633406 -103.131393 0.000000 0.000000  1
17.910625 12.633646 -103.104027 0.000000 0.000000  1
17.866432 12.633871 -103.076614 0.000000 0.000000  1
17.822283 12.634086 -103.049164 0.000000 0.000000  1
17.778179 12.634282 -103.021660 0.000000 0.000000  1
17.734118 12.634467 -102.994118 0.000000 0.000000  1
17.690102 12.634641 -102.966537 0.000000 0.000000  1
17.646128 12.634796 -102.938904 0.000000 0.000000  1
17.602200 12.634940 -102.911232 0.000000 0.000000  1
17.558313 12.635074 -102.883522 0.000000 0.000000  1
17.514473 12.635188 -102.855759 0.000000 0.000000  1
17.470676 12.635291 -102.827957 0.000000 0.000000  1
17.426922 12.635384 -102.800117 0.000000 0.000000  1
17.383213 12.635456 -102.772224 0.000000 0.000000  1
17.339548 12.635518 -102.744293 0.000000 0.000000  1
17.295925 12.635569 -102.716324 0.000000 0.000000  1
17.252348 12.635599 -102.688301 0.000000 0.000000  1
17.208815 12.635620 -102.660248 0.000000 0.000000  1
17.165323 12.635624 -102.632141 0.000000 0.000000  1
17.121876 12.635617 -102.603996 0.000000 0.000000  1
17.078472 12.635594 -102.575806 0.000000 0.000000  1
17.035112 12.635555 -102.547569 0.000000 0.000000  1
16.991796 12.635506 -102.519295 0.000000 0.000000  1
16.948524 12.635440 -102.490974 0.000000 0.000000  1
16.905296 12.635359 -102.462608 0.000000 0.000000  1
16.862110 12.635265 -102.434204 0.000000 0.000000  1
16.818970 12.635157 -102.405754 0.000000 0.000000  1
16.775871 12.635032 -102.377258 0.000000 0.000000  1
16.732817 12.634891 -102.348717 0.000000 0.000000  1
16.689806 12.634738 -102.320137 0.000000 0.000000  1
16.646839 12.634573 -102.291519 0.000000 0.000000  1
16.603916 12.634393 -102.262856 0.000000 0.000000  1
16.561035 12.634195 -102.234146 0.000000 0.000000  1
16.518200 12.633983 -102.205391 0.000000 0.000000  1
16.475407 12.633758 -102.176598 0.000000 0.000000  1
16.432657 12.633516 -102.147758 0.000000 0.000000  1
16.389950 12.633258 -102.118874 0.000000 0.000000  1
16.347288 12.632988 -102.089951 0.000000 0.000000  1
16.304668 12.632702 -102.060982 0.000000 0.000000  1
16.262093 12.632402 -102.031975 0.000000 0.000000  1
16.219559 12.632084 -102.002914 0.000000 0.000000  1
16.177069 12.631756 -101.973824 0.000000 0.000000  1
16.134624 12.631408 -101.944679 0.000000 0.000000  1
16.092220 12.631046 -101.915497 0.000000 0.000000  1
16.049862 12.630669 -101.886269 0.000000 0.000000  1
16.007545 12.630279 -101.857002 0.000000 0.000000  1
15.965272 12.629871 -101.827690 0.000000 0.000000  1
15.923044 12.629449 -101.798340 0.000000 0.000000  1
15.880857 12.629008 -101.768936 0.000000 0.000000  1
15.838714 12.628554 -101.739494 0.000000 0.000000  1
15.796614 12.628088 -101.710014 0.000000 0.000000  1
15.754557 12.627604 -101.680489 0.000000 0.000000  1
15.712543 12.627104 -101.650917 0.000000 0.000000  1
15.670572 12.626587 -101.621300 0.000000 0.000000  1
15.628644 12.626056 -101.591644 0.000000 0.000000  1
15.586760 12.625508 -101.561943 0.000000 0.000000  1
15.544918 12.624948 -101.532204 0.000000 0.000000  1
15.503119 12.624370 -101.502419 0.000000 0.000000  1
15.461364 12.623774 -101.472588 0.000000 0.000000  1
15.419651 12.623165 -101.442719 0.000000 0.000000  1
15.377981 12.622539 -101.412804 0.000000 0.000000  1
15.336354 12.621896 -101.382843 0.000000 0.000000  1
15.294770 12.621239 -101.352844 0.000000 0.000000  1
15.253229 12.620564 -101.322800 0.000000 0.000000  1
15.211731 12.619876 -101.292717 0.000000 0.000000  1
15.170276 12.619166 -101.262581 0.000000 0.000000  1
15.128863 12.618447 -101.232414 0.000000 0.000000  1
15.087493 12.617706 -101.202194 0.000000 0.000000  1
15.046166 12.616951 -101.171936 0.000000 0.000000  1
15.004882 12.616183 -101.141640 0.000000 0.000000  1
14.963640 12.615393 -101.111290 0.000000 0.000000  1
14.922441 12.614593 -101.080910 0.000000 0.000000  1
14.881286 12.613770 -101.050476 0.000000 0.000000  1
14.840172 12.612935 -101.020004 0.000000 0.000000  1
14.799101 12.612081 -100.989487 0.000000 0.000000  1
14.758073 12.611213 -100.958931 0.000000 0.000000  1
14.717087 12.610327 -100.928329 0.000000 0.000000  1
14.676144 12.609424 -100.897682 0.000000 0.000000  1
14.635242 12.608505 -100.866997 0.000000 0.000000  1
14.594384 12.607569 -100.836266 0.000000 0.000000  1
14.553569 12.606618 -100.805496 0.000000 0.000000  1
14.553573 12.606616 -100.805496 0.000000 0.000000  1
17.604633 12.571074 -99.884071 0.000000 0.000000  0
17.586233 12.573305 -99.933159 0.000000 0.000000  1
17.567804 12.575498 -99.982208 0.000000 0.000000  1
17.549345 12.577651 -100.031219 0.000000 0.000000  1
17.530857 12.579765 -100.080193 0.000000 0.000000  1
17.512337 12.581837 -100.129120 0.000000 0.000000  1
17.493788 12.583873 -100.178017 0.000000 0.000000  1
17.475210 12.585871 -100.226875 0.000000 0.000000  1
17.456600 12.587825 -100.275688 0.000000 0.000000  1
17.437962 12.589745 -100.324471 0.000000 0.000000  1
17.419291 12.591620 -100.373207 0.000000 0.000000  1
17.400591 12.593462 -100.421913 0.000000 0.000000  1
17.381861 12.595260 -100.470573 0.000000 0.000000  1
17.363098 12.597021 -100.519196 0.000000 0.000000  1
17.344307 12.598742 -100.567780 0.000000 0.000000  1
17.325485 12.600426 -100.616333 0.000000 0.000000  1
17.306633 12.602068 -100.664841 0.000000 0.000000  1
17.287750 12.603670 -100.713310 0.000000 0.000000  1
17.268835 12.605237 -100.761749 0.000000 0.000000  1
17.249889 12.606761 -100.810143 0.000000 0.000000  1
17.230913 12.608247 -100.858498 0.000000 0.000000  1
17.211906 12.609696 -100.906822 0.000000 0.000000  1
17.192867 12.611102 -100.955101 0.000000 0.000000  1
17.173798 12.612470 -101.003342 0.000000 0.000000  1
17.154696 12.613802 -101.051552 0.000000 0.000000  1
17.135563 12.615090 -101.099716 0.000000 0.000000  1
17.116400 12.616341 -101.147842 0.000000 0.000000  1
17.097204 12.617551 -101.195930 0.000000 0.000000  1
17.077976 12.618726 -101.243988 0.000000 0.000000  1
17.058718 12.619857 -101.292000 0.000000 0.000000  1
17.039427 12.620950 -101.339973 0.000000 0.000000  1
17.020105 12.622006 -101.387917 0.000000 0.000000  1
17.000751 12.623020 -101.435814 0.000000 0.000000  1
16.981365 12.623995 -101.483673 0.000000 0.000000  1
16.961948 12.624934 -101.531502 0.000000 0.000000  1
16.942497 12.625830 -101.579285 0.000000 0.000000  1
16.923016 12.626690 -101.627037 0.000000 0.000000  1
16.903500 12.627506 -101.674736 0.000000 0.000000  1
16.883953 12.628287 -101.722412 0.000000 0.000000  1
16.864372 12.629025 -101.770042 0.000000 0.000000  1
16.844761 12.629728 -101.817642 0.000000 0.000000  1
16.825117 12.630387 -101.865196 0.000000 0.000000  1
16.805439 12.631011 -101.912720 0.000000 0.000000  1
16.785730 12.631596 -101.960205 0.000000 0.000000  1
16.765987 12.632136 -102.007645 0.000000 0.000000  1
16.746212 12.632642 -102.055054 0.000000 0.000000  1
16.726404 12.633108 -102.102425 0.000000 0.000000  1
16.706562 12.633531 -102.149750 0.000000 0.000000  1
16.686687 12.633918 -102.197044 0.000000 0.000000  1
16.666780 12.634265 -102.244301 0.000000 0.000000  1
16.646839 12.634573 -102.291519 0.000000 0.000000  1
16.626865 12.634842 -102.338699 0.000000 0.000000  1
16.606857 12.635071 -102.385841 0.000000 0.000000  1
16.586817 12.635260 -102.432945 0.000000 0.000000  1
16.566742 12.635409 -102.480011 0.000000 0.000000  1
16.546633 12.635520 -102.527039 0.000000 0.000000  1
16.526491 12.635591 -102.574028 0.000000 0.000000  1
16.506315 12.635622 -102.620979 0.000000 0.000000  1
16.486107 12.635617 -102.667900 0.000000 0.000000  1
16.465862 12.635569 -102.714775 0.000000 0.000000  1
16.445585 12.635481 -102.761612 0.000000 0.000000  1
16.425272 12.635358 -102.808418 0.000000 0.000000  1
16.404926 12.635191 -102.855179 0.000000 0.000000  1
16.384546 12.634988 -102.901909 0.000000 0.000000  1
16.364132 12.634746 -102.948601 0.000000 0.000000  1
16.343681 12.634459 -102.995247 0.000000 0.000000  1
16.323198 12.634138 -103.041862 0.000000 0.000000  1
16.302679 12.633775 -103.088432 0.000000 0.000000  1
16.282125 12.633374 -103.134972 0.000000 0.000000  1
16.261538 12.632934 -103.181473 0.000000 0.000000  1
16.240915 12.632453 -103.227936 0.000000 0.000000  1
16.220257 12.631932 -103.274361 0.000000 0.000000  1
16.199564 12.631376 -103.320755 0.000000 0.000000  1
16.178837 12.630776 -103.367104 0.000000 0.000000  1
16.158073 12.630137 -103.413414 0.000000 0.000000  1
16.137276 12.629462 -103.459694 0.000000 0.000000  1
16.116442 12.628743 -103.505928 0.000000 0.000000  1
16.095572 12.627988 -103.552132 0.000000 0.000000  1
16.074667 12.627193 -103.598297 0.000000 0.000000  1
16.053728 12.626355 -103.644417 0.000000 0.000000  1
16.032751 12.625481 -103.690506 0.000000 0.000000  1
16.011740 12.624567 -103.736557 0.000000 0.000000  1
15.990692 12.623613 -103.782570 0.000000 0.000000  1
15.969608 12.622620 -103.828545 0.000000 0.000000  1
15.948488 12.621586 -103.874481 0.000000 0.000000  1
15.927333 12.620517 -103.920387 0.000000 0.000000  1
15.906140 12.619404 -103.966248 0.000000 0.000000  1
15.884912 12.618251 -104.012070 0.000000 0.000000  1
15.863647 12.617062 -104.057861 0.000000 0.000000  1
15.842345 12.615832 -104.103615 0.000000 0.000000  1
15.821008 12.614560 -104.149323 0.000000 0.000000  1
15.799633 12.613252 -104.195000 0.000000 0.000000  1
15.778222 12.611903 -104.240639 0.000000 0.000000  1
15.756774 12.610515 -104.286240 0.000000 0.000000  1
15.735289 12.609087 -104.331802 0.000000 0.000000  1
15.713766 12.607618 -104.377327 0.000000 0.000000  1
15.692207 12.606114 -104.422821 0.000000 0.000000  1
15.670610 12.604567 -104.468269 0.000000 0.000000  1
15.648977 12.602979 -104.513680 0.000000 0.000000  1
15.627306 12.601355 -104.559059 0.000000 0.000000  1
15.605597 12.599690 -104.604401 0.000000 0.000000  1
15.605598 12.599689 -104.604393 0.000000 0.000000  1
11.415839 12.625185 -101.544670 0.000000 0.000000  0
11.407792 12.625972 -101.587090 0.000000 0.000000  1
11.399733 12.626733 -101.629494 0.000000 0.000000  1
11.391661 12.627460 -101.671867 0.000000 0.000000  1
11.383577 12.628155 -101.714211 0.000000 0.000000  1
11.375483 12.628819 -101.756531 0.000000 0.000000  1
11.367375 12.629455 -101.798828 0.000000 0.000000  1
11.359256 12.630057 -101.841095 0.000000 0.000000  1
11.351125 12.630630 -101.883339 0.000000 0.000000  1
11.342982 12.631173 -101.925560 0.000000 0.000000  1
11.334826 12.631682 -101.967751 0.000000 0.000000  1
11.326660 12.632162 -102.009918 0.000000 0.000000  1
11.318480 12.632612 -102.052063 0.000000 0.000000  1
11.310288 12.633028 -102.094170 0.000000 0.000000  1
11.302085 12.633416 -102.136261 0.000000 0.000000  1
11.293870 12.633770 -102.178322 0.000000 0.000000  1
11.285642 12.634094 -102.220360 0.000000 0.000000  1
11.277402 12.634388 -102.262375 0.000000 0.000000  1
11.269150 12.634649 -102.304359 0.000000 0.000000  1
11.260885 12.634881 -102.346321 0.000000 0.000000  1
11.252608 12.635082 -102.388260 0.000000 0.000000  1
11.244319 12.635250 -102.430168 0.000000 0.000000  1
11.236017 12.635388 -102.472054 0.000000 0.000000  1
11.227703 12.635492 -102.513908 0.000000 0.000000  1
11.219377 12.635568 -102.555740 0.000000 0.000000  1
11.211039 12.635612 -102.597549 0.000000 0.000000  1
11.202687 12.635623 -102.639328 0.000000 0.000000  1
11.194324 12.635609 -102.681091 0.000000 0.000000  1
11.185947 12.635556 -102.722816 0.000000 0.000000  1
11.177558 12.635478 -102.764526 0.000000 0.000000  1
11.169157 12.635365 -102.806206 0.000000 0.000000  1
11.160743 12.635220 -102.847855 0.000000 0.000000  1
11.152316 12.635047 -102.889488 0.000000 0.000000  1
11.143877 12.634841 -102.931091 0.000000 0.000000  1
11.135426 12.634602 -102.972664 0.000000 0.000000  1
11.126962 12.634336 -103.014221 0.000000 0.000000  1
11.118484 12.634036 -103.055748 0.000000 0.000000  1
11.109993 12.633705 -103.097244 0.000000 0.000000  1
11.101490 12.633342 -103.138718 0.000000 0.000000  1
11.092974 12.632948 -103.180168 0.000000 0.000000  1
11.084445 12.632521 -103.221588 0.000000 0.000000  1
11.075904 12.632067 -103.262993 0.000000 0.000000  1
11.067349 12.631578 -103.304367 0.000000 0.000000  1
11.058783 12.631057 -103.345711 0.000000 0.000000  1
11.050201 12.630508 -103.387039 0.000000 0.000000  1
11.041609 12.629926 -103.428337 0.000000 0.000000  1
11.033002 12.629310 -103.469604 0.000000 0.000000  1
11.024383 12.628663 -103.510849 0.000000 0.000000  1
11.015750 12.627987 -103.552071 0.000000 0.000000  1
11.007105 12.627280 -103.593269 0.000000 0.000000  1
10.998446 12.626539 -103.634438 0.000000 0.000000  1
10.989774 12.625768 -103.675583 0.000000 0.000000  1
10.981089 12.624966 -103.716705 0.000000 0.000000  1
10.972390 12.624130 -103.757797 0.000000 0.000000  1
10.963678 12.623264 -103.798866 0.000000 0.000000  1
10.954954 12.622368 -103.839912 0.000000 0.000000  1
10.946216 12.621441 -103.880936 0.000000 0.000000  1
10.937464 12.620480 -103.921928 0.000000 0.000000  1
10.928699 12.619485 -103.962891 0.000000 0.000000  1
10.919920 12.618463 -104.003838 0.000000 0.000000  1
10.911129 12.617407 -104.044754 0.000000 0.000000  1
10.902323 12.616320 -104.085648 0.000000 0.000000  1
10.893504 12.615199 -104.126511 0.000000 0.000000  1
10.884672 12.614051 -104.167358 0.000000 0.000000  1
10.875826 12.612865 -104.208168 0.000000 0.000000  1
10.866966 12.611653 -104.248962 0.000000 0.000000  1
10.858093 12.610406 -104.289726 0.000000 0.000000  1
10.849205 12.609128 -104.330460 0.000000 0.000000  1
10.840304 12.607820 -104.371178 0.000000 0.000000  1
10.831390 12.606478 -104.411865 0.000000 0.000000  1
10.822462 12.605108 -104.452538 0.000000 0.000000  1
10.813520 12.603701 -104.493172 0.000000 0.000000  1
10.804564 12.602266 -104.533791 0.000000 0.000000  1
10.795595 12.600798 -104.574379 0.000000 0.000000  1
10.786612 12.599298 -104.614944 0.000000 0.000000  1
10.777615 12.597764 -104.655479 0.000000 0.000000  1
10.768603 12.596199 -104.695992 0.000000 0.000000  1
10.759578 12.594604 -104.736481 0.000000 0.000000  1
10.750539 12.592978 -104.776947 0.000000 0.000000  1
10.741486 12.591316 -104.817383 0.000000 0.000000  1
10.732418 12.589624 -104.857796 0.000000 0.000000  1
10.723337 12.587902 -104.898186 0.000000 0.000000  1
10.714241 12.586145 -104.938545 0.000000 0.000000  1
10.705132 12.584361 -104.978889 0.000000 0.000000  1
10.696008 12.582539 -105.019196 0.000000 0.000000  1
10.686870 12.580688 -105.059486 0.000000 0.000000  1
10.677717 12.578804 -105.099747 0.000000 0.000000  1
10.668550 12.576889 -105.139984 0.000000 0.000000  1
10.659369 12.574943 -105.180199 0.000000 0.000000  1
10.650173 12.572961 -105.220383 0.000000 0.000000  1
10.640964 12.570950 -105.260544 0.000000 0.000000  1
10.631740 12.568906 -105.300682 0.000000 0.000000  1
10.622500 12.566832 -105.340797 0.000000 0.000000  1
10.613247 12.564723 -105.380882 0.000000 0.000000  1
10.603979 12.562583 -105.420944 0.000000 0.000000  1
10.594697 12.560409 -105.460976 0.000000 0.000000  1
10.585400 12.558206 -105.500992 0.000000 0.000000  1
10.576088 12.555969 -105.540977 0.000000 0.000000  1
10.566762 12.553700 -105.580940 0.000000 0.000000  1
10.557421 12.551397 -105.620872 0.000000 0.000000  1
10.548065 12.549067 -105.660782 0.000000 0.000000  1
10.523074 12.551072 -105.626518 0.000000 0.000000  1
10.498117 12.553052 -105.592224 0.000000 0.000000  1
10.473193 12.555012 -105.557907 0.000000 0.000000  1
10.448303 12.556946 -105.523560 0.000000 0.000000  1
10.423448 12.558859 -105.489189 0.000000 0.000000  1
10.398624 12.560747 -105.454788 0.000000 0.000000  1
10.373836 12.562613 -105.420364 0.000000 0.000000  1
10.349080 12.564455 -105.385910 0.000000 0.000000  1
10.324358 12.566276 -105.351433 0.000000 0.000000  1
10.299669 12.568071 -105.316925 0.000000 0.000000  1
10.275014 12.569841 -105.282387 0.000000 0.000000  1
10.250391 12.571591 -105.247826 0.000000 0.000000  1
10.225802 12.573315 -105.213234 0.000000 0.000000  1
10.201246 12.575018 -105.178619 0.000000 0.000000  1
10.176723 12.576699 -105.143982 0.000000 0.000000  1
10.152233 12.578352 -105.109306 0.000000 0.000000  1
10.127776 12.579983 -105.074608 0.000000 0.000000  1
10.103352 12.581594 -105.039886 0.000000 0.000000  1
10.078961 12.583179 -105.005142 0.000000 0.000000  1
10.054603 12.584739 -104.970360 0.000000 0.000000  1
10.030277 12.586277 -104.935555 0.000000 0.000000  1
10.005983 12.587794 -104.900726 0.000000 0.000000  1
9.981723 12.589286 -104.865868 0.000000 0.000000  1
9.957495 12.590753 -104.830978 0.000000 0.000000  1
9.933300 12.592197 -104.796066 0.000000 0.000000  1
9.909137 12.593617 -104.761124 0.000000 0.000000  1
9.885006 12.595016 -104.726158 0.000000 0.000000  1
9.860908 12.596390 -104.691162 0.000000 0.000000  1
9.836841 12.597738 -104.656136 0.000000 0.000000  1
9.812807 12.599065 -104.621086 0.000000 0.000000  1
9.788805 12.600370 -104.586014 0.000000 0.000000  1
9.764835 12.601651 -104.550911 0.000000 0.000000  1
9.740898 12.602905 -104.515778 0.000000 0.000000  1
9.716992 12.604139 -104.480621 0.000000 0.000000  1
9.693118 12.605348 -104.445435 0.000000 0.000000  1
9.669276 12.606534 -104.410225 0.000000 0.000000  1
9.645466 12.607696 -104.374985 0.000000 0.000000  1
9.621688 12.608835 -104.339722 0.000000 0.000000  1
9.597941 12.609950 -104.304428 0.000000 0.000000  1
9.574226 12.611039 -104.269104 0.000000 0.000000  1
9.550543 12.612107 -104.233757 0.000000 0.000000  1
9.526891 12.613153 -104.198387 0.000000 0.000000  1
9.503270 12.614175 -104.162987 0.000000 0.000000  1
9.479681 12.615170 -104.127556 0.000000 0.000000  1
9.456124 12.616144 -104.092102 0.000000 0.000000  1
9.432597 12.617093 -104.056618 0.000000 0.000000  1
9.409102 12.618021 -104.021111 0.000000 0.000000  1
9.385639 12.618922 -103.985573 0.000000 0.000000  1
9.362206 12.619802 -103.950012 0.000000 0.000000  1
9.338804 12.620658 -103.914421 0.000000 0.000000  1
9.315434 12.621488 -103.878799 0.000000 0.000000  1
9.292094 12.622295 -103.843155 0.000000 0.000000  1
9.268785 12.623082 -103.807487 0.000000 0.000000  1
9.245509 12.623840 -103.771790 0.000000 0.000000  1
9.222262 12.624576 -103.736061 0.000000 0.000000  1
9.199046 12.625290 -103.700310 0.000000 0.000000  1
9.175860 12.625978 -103.664528 0.000000 0.000000  1
9.152706 12.626645 -103.628723 0.000000 0.000000  1
9.129582 12.627287 -103.592888 0.000000 0.000000  1
9.106488 12.627907 -103.557030 0.000000 0.000000  1
9.083426 12.628501 -103.521141 0.000000 0.000000  1
9.060393 12.629069 -103.485222 0.000000 0.000000  1
9.037391 12.629617 -103.449280 0.000000 0.000000  1
9.014419 12.630139 -103.413307 0.000000 0.000000  1
8.991477 12.630639 -103.377312 0.000000 0.000000  1
8.968566 12.631114 -103.341286 0.000000 0.000000  1
8.945685 12.631567 -103.305237 0.000000 0.000000  1
8.922834 12.631994 -103.269157 0.000000 0.000000  1
8.900013 12.632401 -103.233055 0.000000 0.000000  1
8.877223 12.632781 -103.196922 0.000000 0.000000  1
8.854462 12.633136 -103.160759 0.000000 0.000000  1
8.831731 12.633469 -103.124573 0.000000 0.000000  1
8.809030 12.633776 -103.088356 0.000000 0.000000  1
8.786359 12.634062 -103.052116 0.000000 0.000000  1
8.763718 12.634322 -103.015846 0.000000 0.000000  1
8.741106 12.634562 -102.979553 0.000000 0.000000  1
8.718524 12.634774 -102.943230 0.000000 0.000000  1
8.695971 12.634966 -102.906883 0.000000 0.000000  1
8.673449 12.635132 -102.870506 0.000000 0.000000  1
8.650955 12.635272 -102.834099 0.000000 0.000000  1
8.628491 12.635390 -102.797668 0.000000 0.000000  1
8.606057 12.635483 -102.761208 0.000000 0.000000  1
8.583652 12.635554 -102.724724 0.000000 0.000000  1
8.561276 12.635600 -102.688210 0.000000 0.000000  1
8.538930 12.635624 -102.651672 0.000000 0.000000  1
8.516613 12.635622 -102.615105 0.000000 0.000000  1
8.494325 12.635594 -102.578506 0.000000 0.000000  1
8.472066 12.635546 -102.541885 0.000000 0.000000  1
8.449837 12.635474 -102.505241 0.000000 0.000000  1
8.427635 12.635378 -102.468567 0.000000 0.000000  1
8.405464 12.635253 -102.431862 0.000000 0.000000  1
8.383322 12.635109 -102.395134 0.000000 0.000000  1
8.361207 12.634940 -102.358376 0.000000 0.000000  1
8.339122 12.634748 -102.321594 0.000000 0.000000  1
8.317065 12.634531 -102.284782 0.000000 0.000000  1
8.295038 12.634289 -102.247940 0.000000 0.000000  1
8.273039 12.634025 -102.211075 0.000000 0.000000  1
8.251068 12.633739 -102.174187 0.000000 0.000000  1
8.229126 12.633422 -102.137260 0.000000 0.000000  0
4.945967 12.635386 -102.471397 0.000000 0.000000  0
4.875479 12.635402 -102.477333 0.000000 0.000000  1
4.804977 12.635416 -102.483185 0.000000 0.000000  1
4.734461 12.635435 -102.488960 0.000000 0.000000  1
4.663929 12.635446 -102.494637 0.000000 0.000000  1
4.593385 12.635461 -102.500237 0.000000 0.000000  1
4.522825 12.635476 -102.505753 0.000000 0.000000  1
4.452252 12.635488 -102.511177 0.000000 0.000000  1
4.381666 12.635499 -102.516518 0.000000 0.000000  1
4.311066 12.635510 -102.521774 0.000000 0.000000  1
4.240453 12.635518 -102.526939 0.000000 0.000000  1
4.169827 12.635530 -102.532028 0.000000 0.000000  1
4.099189 12.635538 -102.537025 0.000000 0.000000  1
4.028538 12.635547 -102.541939 0.000000 0.000000  1
3.957875 12.635556 -102.546768 0.000000 0.000000  1
3.887199 12.635561 -102.551506 0.000000 0.000000  1
3.816512 12.635567 -102.556160 0.000000 0.000000  1
3.745814 12.635577 -102.560738 0.000000 0.000000  1
3.675103 12.635579 -102.565216 0.000000 0.000000  1
3.604382 12.635587 -102.569618 0.000000 0.000000  1
3.533650 12.635590 -102.573929 0.000000 0.000000  1
3.462906 12.635597 -102.578163 0.000000 0.000000  1
3.392153 12.635598 -102.582298 0.000000 0.000000  1
3.321388 12.635603 -102.586357 0.000000 0.000000  1
3.250615 12.635608 -102.590332 0.000000 0.000000  1
3.179830 12.635610 -102.594215 0.000000 0.000000  1
3.109036 12.635612 -102.598015 0.000000 0.000000  1
3.038233 12.635615 -102.601730 0.000000 0.000000  1
2.967421 12.635615 -102.605354 0.000000 0.000000  1
2.896599 12.635620 -102.608902 0.000000 0.000000  1
2.825768 12.635621 -102.612358 0.000000 0.000000  1
2.754929 12.635623 -102.615730 0.000000 0.000000  1
2.684081 12.635621 -102.619011 0.000000 0.000000  1
2.613225 12.635624 -102.622215 0.000000 0.000000  1
2.542361 12.635624 -102.625328 0.000000 0.000000  1
2.471490 12.635625 -102.628357 0.000000 0.000000  1
2.400610 12.635626 -102.631302 0.000000 0.000000  1
2.329724 12.635624 -102.634155 0.000000 0.000000  1
2.258830 12.635623 -102.636925 0.000000 0.000000  1
2.187930 12.635627 -102.639618 0.000000 0.000000  1
2.117022 12.635624 -102.642212 0.000000 0.000000  1
2.046108 12.635625 -102.644730 0.000000 0.000000  1
1.975188 12.635623 -102.647156 0.000000 0.000000  1
1.904262 12.635622 -102.649498 0.000000 0.000000  1
1.833330 12.635622 -102.651756 0.000000 0.000000  1
1.762392 12.635623 -102.653931 0.000000 0.000000  1
1.691449 12.635621 -102.656013 0.000000 0.000000  1
3.551733 12.498517 -106.415306 0.000000 0.000000  0
3.547016 12.503389 -106.349861 0.000000 0.000000  1
3.542311 12.508178 -106.284355 0.000000 0.000000  1
3.537619 12.512871 -106.218781 0.000000 0.000000  1
3.532939 12.517481 -106.153152 0.000000 0.000000  1
3.528272 12.521996 -106.087448 0.000000 0.000000  1
3.523616 12.526423 -106.021675 0.000000 0.000000  1
3.518973 12.530764 -105.955849 0.000000 0.000000  1
3.514343 12.535013 -105.889954 0.000000 0.000000  1
3.509724 12.539171 -105.823982 0.000000 0.000000  1
3.505117 12.543242 -105.757957 0.000000 0.000000  1
3.500523 12.547224 -105.691864 0.000000 0.000000  1
3.495940 12.551118 -105.625702 0.000000 0.000000  1
3.491370 12.554922 -105.559479 0.000000 0.000000  1
3.486811 12.558636 -105.493187 0.000000 0.000000  1
3.482265 12.562263 -105.426834 0.000000 0.000000  1
3.477730 12.565804 -105.360413 0.000000 0.000000  1
3.473207 12.569251 -105.293922 0.000000 0.000000  1
3.468695 12.572613 -105.227371 0.000000 0.000000  1
3.464195 12.575887 -105.160751 0.000000 0.000000  1
3.459707 12.579073 -105.094070 0.000000 0.000000  1
3.455231 12.582169 -105.027321 0.000000 0.000000  1
3.450767 12.585178 -104.960510 0.000000 0.000000  1
3.446313 12.588099 -104.893623 0.000000 0.000000  1
3.441871 12.590930 -104.826675 0.000000 0.000000  1
3.437441 12.593676 -104.759666 0.000000 0.000000  1
3.433021 12.596335 -104.692589 0.000000 0.000000  1
3.428614 12.598903 -104.625443 0.000000 0.000000  1
3.424217 12.601385 -104.558235 0.000000 0.000000  1
3.419832 12.603779 -104.490959 0.000000 0.000000  1
3.415458 12.606087 -104.423615 0.000000 0.000000  1
3.411095 12.608307 -104.356209 0.000000 0.000000  1
3.406744 12.610438 -104.288734 0.000000 0.000000  1
3.402403 12.612484 -104.221191 0.000000 0.000000  1
3.398073 12.614442 -104.153587 0.000000 0.000000  1
3.393755 12.616312 -104.085915 0.000000 0.000000  1
3.389447 12.618093 -104.018173 0.000000 0.000000  1
3.385150 12.619794 -103.950371 0.000000 0.000000  1
3.380864 12.621404 -103.882500 0.000000 0.000000  1
3.376589 12.622925 -103.814560 0.000000 0.000000  1
3.372325 12.624361 -103.746552 0.000000 0.000000  1
3.368071 12.625715 -103.678490 0.000000 0.000000  1
3.363828 12.626977 -103.610352 0.000000 0.000000  1
3.359596 12.628156 -103.542152 0.000000 0.000000  1
3.355375 12.629245 -103.473877 0.000000 0.000000  1
3.351164 12.630248 -103.405540 0.000000 0.000000  1
3.346963 12.631168 -103.337143 0.000000 0.000000  1
3.342773 12.632000 -103.268669 0.000000 0.000000  1
3.338594 12.632746 -103.200134 0.000000 0.000000  1
3.334425 12.633405 -103.131531 0.000000 0.000000  1
3.330266 12.633979 -103.062859 0.000000 0.000000  1
3.326118 12.634467 -102.994125 0.000000 0.000000  1
3.321980 12.634870 -102.925323 0.000000 0.000000  1
3.317852 12.635187 -102.856453 0.000000 0.000000  1
3.313735 12.635420 -102.787521 0.000000 0.000000  1
3.309628 12.635562 -102.718513 0.000000 0.000000  1
3.305531 12.635622 -102.649445 0.000000 0.000000  1
5.319101 12.507244 -106.297218 0.000000 0.000000  0
5.243354 12.506804 -106.303261 0.000000 0.000000  1
5.167588 12.506372 -106.309219 0.000000 0.000000  1
5.091805 12.505943 -106.315086 0.000000 0.000000  1
5.016003 12.505522 -106.320869 0.000000 0.000000  1
4.940184 12.505103 -106.326561 0.000000 0.000000  1
4.864347 12.504692 -106.332169 0.000000 0.000000  1
4.788494 12.504289 -106.337692 0.000000 0.000000  1
4.712624 12.503888 -106.343124 0.000000 0.000000  1
4.636737 12.503494 -106.348473 0.000000 0.000000  1
4.560833 12.503105 -106.353729 0.000000 0.000000  1
4.484914 12.502723 -106.358902 0.000000 0.000000  1
4.408979 12.502348 -106.363991 0.000000 0.000000  1
4.333028 12.501977 -106.368988 0.000000 0.000000  1
4.257062 12.501610 -106.373894 0.000000 0.000000  1
4.181081 12.501253 -106.378723 0.000000 0.000000  1
4.105086 12.500901 -106.383461 0.000000 0.000000  1
4.029076 12.500552 -106.388107 0.000000 0.000000  1
3.953051 12.500211 -106.392670 0.000000 0.000000  1
3.877013 12.499878 -106.397148 0.000000 0.000000  1
3.800961 12.499548 -106.401535 0.000000 0.000000  1
3.724896 12.499227 -106.405838 0.000000 0.000000  1
3.648817 12.498908 -106.410049 0.000000 0.000000  1
3.572726 12.498598 -106.414177 0.000000 0.000000  1
3.496623 12.498296 -106.418221 0.000000 0.000000  1
3.420506 12.497997 -106.422173 0.000000 0.000000  1
3.344378 12.497707 -106.426041 0.000000 0.000000  1
3.268238 12.497420 -106.429817 0.000000 0.000000  1
3.192086 12.497142 -106.433510 0.000000 0.000000  1
3.115923 12.496867 -106.437111 0.000000 0.000000  1
3.039749 12.496601 -106.440628 0.000000 0.000000  1
2.963564 12.496342 -106.444061 0.000000 0.000000  1
2.887369 12.496088 -106.447403 0.000000 0.000000  1
2.811163 12.495841 -106.450661 0.000000 0.000000  1
2.734948 12.495599 -106.453827 0.000000 0.000000  1
2.658722 12.495365 -106.456909 0.000000 0.000000  1
2.582488 12.495138 -106.459908 0.000000 0.000000  1
2.506244 12.494917 -106.462814 0.000000 0.000000  1
2.429991 12.494699 -106.465630 0.000000 0.000000  1
2.353730 12.494493 -106.468369 0.000000 0.000000  1
2.277461 12.494288 -106.471008 0.000000 0.000000  1
2.201183 12.494095 -106.473572 0.000000 0.000000  1
2.124897 12.493906 -106.476044 0.000000 0.000000  1
2.048604 12.493722 -106.478424 0.000000 0.000000  1
1.972304 12.493546 -106.480721 0.000000 0.000000  1
1.895996 12.493378 -106.482933 0.000000 0.000000  1
1.819682 12.493214 -106.485054 0.000000 0.000000  1
-1.652305 12.635620 -102.657127 0.000000 0.000000  0
-1.723251 12.635622 -102.655090 0.000000 0.000000  1
-1.794191 12.635624 -102.652969 0.000000 0.000000  1
-1.865126 12.635623 -102.650757 0.000000 0.000000  1
-1.936056 12.635623 -102.648460 0.000000 0.000000  1
-2.006979 12.635625 -102.646080 0.000000 0.000000  1
-2.077897 12.635626 -102.643616 0.000000 0.000000  1
-2.148808 12.635625 -102.641060 0.000000 0.000000  1
-2.219712 12.635625 -102.638420 0.000000 0.000000  1
-2.290610 12.635625 -102.635696 0.000000 0.000000  1
-2.361501 12.635626 -102.632889 0.000000 0.000000  1
-2.432384 12.635624 -102.629990 0.000000 0.000000  1
-2.503260 12.635623 -102.627007 0.000000 0.000000  1
-2.574128 12.635622 -102.623940 0.000000 0.000000  1
-2.644989 12.635622 -102.620789 0.000000 0.000000  1
-2.715841 12.635623 -102.617554 0.000000 0.000000  1
-2.786685 12.635621 -102.614227 0.000000 0.000000  1
-2.857520 12.635619 -102.610817 0.000000 0.000000  1
-2.928347 12.635618 -102.607323 0.000000 0.000000  1
-2.999165 12.635617 -102.603745 0.000000 0.000000  1
-3.069973 12.635614 -102.600075 0.000000 0.000000  1
-3.140773 12.635611 -102.596321 0.000000 0.000000  1
-3.211562 12.635609 -102.592484 0.000000 0.000000  1
-3.282342 12.635606 -102.588562 0.000000 0.000000  1
-3.353112 12.635601 -102.584549 0.000000 0.000000  1
-3.423871 12.635596 -102.580452 0.000000 0.000000  1
-3.494620 12.635595 -102.576279 0.000000 0.000000  1
-3.565358 12.635588 -102.572006 0.000000 0.000000  1
-3.636086 12.635584 -102.567657 0.000000 0.000000  1
-3.706802 12.635577 -102.563217 0.000000 0.000000  1
-3.777508 12.635571 -102.558693 0.000000 0.000000  1
-3.848201 12.635565 -102.554085 0.000000 0.000000  1
-3.918882 12.635559 -102.549393 0.000000 0.000000  1
-3.989552 12.635550 -102.544609 0.000000 0.000000  1
-4.060210 12.635545 -102.539749 0.000000 0.000000  1
-4.130856 12.635535 -102.534798 0.000000 0.000000  1
-4.201488 12.635524 -102.529755 0.000000 0.000000  1
-4.272108 12.635515 -102.524635 0.000000 0.000000  1
-4.342715 12.635503 -102.519424 0.000000 0.000000  1
-4.413309 12.635495 -102.514137 0.000000 0.000000  1
-4.483889 12.635480 -102.508751 0.000000 0.000000  1
-4.554456 12.635468 -102.503288 0.000000 0.000000  1
-4.625009 12.635457 -102.497742 0.000000 0.000000  1
-4.695548 12.635442 -102.492104 0.000000 0.000000  1
-4.766072 12.635427 -102.486382 0.000000 0.000000  1
-4.836583 12.635411 -102.480576 0.000000 0.000000  1
-4.907078 12.635392 -102.474678 0.000000 0.000000  1
-3.551733 12.498517 -106.415306 0.000000 0.000000  0
-3.547016 12.503389 -106.349861 0.000000 0.000000  1
-3.542311 12.508178 -106.284355 0.000000 0.000000  1
-3.537619 12.512871 -106.218781 0.000000 0.000000  1
-3.532939 12.517481 -106.153152 0.000000 0.000000  1
-3.528272 12.521996 -106.087448 0.000000 0.000000  1
-3.523616 12.526423 -106.021675 0.000000 0.000000  1
-3.518973 12.530764 -105.955849 0.000000 0.000000  1
-3.514343 12.535013 -105.889954 0.000000 0.000000  1
-3.509724 12.539171 -105.823982 0.000000 0.000000  1
-3.505117 12.543242 -105.757957 0.000000 0.000000  1
-3.500523 12.547224 -105.691864 0.000000 0.000000  1
-3.495940 12.551118 -105.625702 0.000000 0.000000  1
-3.491370 12.554922 -105.559479 0.000000 0.000000  1
-3.486811 12.558636 -105.493187 0.000000 0.000000  1
-3.482265 12.562263 -105.426834 0.000000 0.000000  1
-3.477730 12.565804 -105.360413 0.000000 0.000000  1
-3.473207 12.569251 -105.293922 0.000000 0.000000  1
-3.468695 12.572613 -105.227371 0.000000 0.000000  1
-3.464195 12.575887 -105.160751 0.000000 0.000000  1
-3.459707 12.579073 -105.094070 0.000000 0.000000  1
-3.455231 12.582169 -105.027321 0.000000 0.000000  1
-3.450767 12.585178 -104.960510 0.000000 0.000000  1
-3.446313 12.588099 -104.893623 0.000000 0.000000  1
-3.441871 12.590930 -104.826675 0.000000 0.000000  1
-3.437441 12.593676 -104.759666 0.000000 0.000000  1
-3.433021 12.596335 -104.692589 0.000000 0.000000  1
-3.428614 12.598903 -104.625443 0.000000 0.000000  1
-3.424217 12.601385 -104.558235 0.000000 0.000000  1
-3.419832 12.603779 -104.490959 0.000000 0.000000  1
-3.415458 12.606087 -104.423615 0.000000 0.000000  1
-3.411095 12.608307 -104.356209 0.000000 0.000000  1
-3.406744 12.610438 -104.288734 0.000000 0.000000  1
-3.402403 12.612484 -104.221191 0.000000 0.000000  1
-3.398073 12.614442 -104.153587 0.000000 0.000000  1
-3.393755 12.616312 -104.085915 0.000000 0.000000  1
-3.389447 12.618093 -104.018173 0.000000 0.000000  1
-3.385150 12.619794 -103.950371 0.000000 0.000000  1
-3.380864 12.621404 -103.882500 0.000000 0.000000  1
-3.376589 12.622925 -103.814560 0.000000 0.000000  1
-3.372325 12.624361 -103.746552 0.000000 0.000000  1
-3.368071 12.625715 -103.678490 0.000000 0.000000  1
-3.363828 12.626977 -103.610352 0.000000 0.000000  1
-3.359596 12.628156 -103.542152 0.000000 0.000000  1
-3.355375 12.629245 -103.473877 0.000000 0.000000  1
-3.351164 12.630248 -103.405540 0.000000 0.000000  1
-3.346963 12.631168 -103.337143 0.000000 0.000000  1
-3.342773 12.632000 -103.268669 0.000000 0.000000  1
-3.338594 12.632746 -103.200134 0.000000 0.000000  1
-3.334425 12.633405 -103.131531 0.000000 0.000000  1
-3.330266 12.633979 -103.062859 0.000000 0.000000  1
-3.326118 12.634467 -102.994125 0.000000 0.000000  1
-3.321980 12.634870 -102.925323 0.000000 0.000000  1
-3.317852 12.635187 -102.856453 0.000000 0.000000  1
-3.313735 12.635420 -102.787521 0.000000 0.000000  1
-3.309628 12.635562 -102.718513 0.000000 0.000000  1
-3.305531 12.635622 -102.649445 0.000000 0.000000  1
-1.777574 12.493125 -106.486183 0.000000 0.000000  0
-1.853892 12.493287 -106.484116 0.000000 0.000000  1
-1.930203 12.493450 -106.481949 0.000000 0.000000  1
-2.006507 12.493626 -106.479706 0.000000 0.000000  1
-2.082804 12.493802 -106.477364 0.000000 0.000000  1
-2.159094 12.493990 -106.474945 0.000000 0.000000  1
-2.235376 12.494182 -106.472435 0.000000 0.000000  1
-2.311651 12.494378 -106.469833 0.000000 0.000000  1
-2.387916 12.494583 -106.467148 0.000000 0.000000  1
-2.464174 12.494796 -106.464378 0.000000 0.000000  1
-2.540423 12.495013 -106.461517 0.000000 0.000000  1
-2.616663 12.495238 -106.458572 0.000000 0.000000  1
-2.692893 12.495472 -106.455544 0.000000 0.000000  1
-2.769114 12.495709 -106.452423 0.000000 0.000000  1
-2.845325 12.495951 -106.449211 0.000000 0.000000  1
-2.921526 12.496201 -106.445915 0.000000 0.000000  1
-2.997717 12.496458 -106.442535 0.000000 0.000000  1
-3.073897 12.496720 -106.439064 0.000000 0.000000  1
-3.150066 12.496990 -106.435509 0.000000 0.000000  1
-3.226224 12.497264 -106.431862 0.000000 0.000000  1
-3.302371 12.497546 -106.428131 0.000000 0.000000  1
-3.378506 12.497836 -106.424316 0.000000 0.000000  1
-3.454629 12.498130 -106.420410 0.000000 0.000000  1
-3.530740 12.498431 -106.416420 0.000000 0.000000  1
-3.606838 12.498737 -106.412338 0.000000 0.000000  1
-3.682923 12.499050 -106.408173 0.000000 0.000000  1
-3.758996 12.499372 -106.403923 0.000000 0.000000  1
-3.835055 12.499697 -106.399582 0.000000 0.000000  1
-3.911101 12.500026 -106.395149 0.000000 0.000000  1
-3.987133 12.500362 -106.390633 0.000000 0.000000  1
-4.063151 12.500706 -106.386032 0.000000 0.000000  1
-4.139154 12.501058 -106.381348 0.000000 0.000000  1
-4.215143 12.501413 -106.376572 0.000000 0.000000  1
-4.291117 12.501773 -106.371704 0.000000 0.000000  1
-4.367076 12.502139 -106.366753 0.000000 0.000000  1
-4.443020 12.502514 -106.361717 0.000000 0.000000  1
-4.518948 12.502892 -106.356590 0.000000 0.000000  1
-4.594860 12.503277 -106.351379 0.000000 0.000000  1
-4.670756 12.503670 -106.346085 0.000000 0.000000  1
-4.746635 12.504066 -106.340698 0.000000 0.000000  1
-4.822498 12.504469 -106.335228 0.000000 0.000000  1
-4.898344 12.504876 -106.329666 0.000000 0.000000  1
-4.974173 12.505290 -106.324020 0.000000 0.000000  1
-5.049984 12.505708 -106.318283 0.000000 0.000000  1
-5.125778 12.506132 -106.312462 0.000000 0.000000  1
-5.201553 12.506564 -106.306557 0.000000 0.000000  1
-5.277311 12.506999 -106.300560 0.000000 0.000000  1
-8.207216 12.633086 -102.100319 0.000000 0.000000  0
-8.276765 12.632990 -102.090317 0.000000 0.000000  1
-8.346289 12.632895 -102.080238 0.000000 0.000000  1
-8.415788 12.632794 -102.070068 0.000000 0.000000  1
-8.485261 12.632689 -102.059807 0.000000 0.000000  1
-8.554711 12.632584 -102.049469 0.000000 0.000000  1
-8.624134 12.632477 -102.039047 0.000000 0.000000  1
-8.693532 12.632364 -102.028534 0.000000 0.000000  1
-8.762905 12.632249 -102.017937 0.000000 0.000000  1
-8.832252 12.632132 -102.007256 0.000000 0.000000  1
-8.901572 12.632012 -101.996490 0.000000 0.000000  1
-8.970866 12.631890 -101.985641 0.000000 0.000000  1
-9.040134 12.631766 -101.974709 0.000000 0.000000  1
-9.109376 12.631636 -101.963684 0.000000 0.000000  1
-9.178590 12.631502 -101.952576 0.000000 0.000000  1
-9.247777 12.631366 -101.941383 0.000000 0.000000  1
-9.316937 12.631227 -101.930107 0.000000 0.000000  1
-9.386070 12.631086 -101.918747 0.000000 0.000000  1
-9.455174 12.630942 -101.907303 0.000000 0.000000  1
-9.524253 12.630795 -101.895775 0.000000 0.000000  1
-9.593302 12.630642 -101.884155 0.000000 0.000000  1
-9.662324 12.630486 -101.872452 0.000000 0.000000  1
-9.731317 12.630326 -101.860664 0.000000 0.000000  1
-9.800281 12.630163 -101.848793 0.000000 0.000000  1
-9.869217 12.629998 -101.836838 0.000000 0.000000  1
-9.938124 12.629829 -101.824799 0.000000 0.000000  1
-10.007002 12.629658 -101.812675 0.000000 0.000000  1
-10.075850 12.629478 -101.800461 0.000000 0.000000  1
-10.144670 12.629296 -101.788162 0.000000 0.000000  1
-10.213460 12.629114 -101.775787 0.000000 0.000000  1
-10.282220 12.628925 -101.763321 0.000000 0.000000  1
-10.350950 12.628733 -101.750771 0.000000 0.000000  1
-10.419650 12.628536 -101.738136 0.000000 0.000000  1
-10.488319 12.628333 -101.725410 0.000000 0.000000  1
-10.556959 12.628130 -101.712608 0.000000 0.000000  1
-10.625567 12.627919 -101.699715 0.000000 0.000000  1
-10.694145 12.627707 -101.686745 0.000000 0.000000  1
-10.762692 12.627489 -101.673683 0.000000 0.000000  1
-10.831208 12.627267 -101.660538 0.000000 0.000000  1
-10.899693 12.627041 -101.647308 0.000000 0.000000  1
-10.968145 12.626810 -101.633995 0.000000 0.000000  1
-11.036567 12.626575 -101.620598 0.000000 0.000000  1
-11.104957 12.626333 -101.607109 0.000000 0.000000  1
-11.173314 12.626090 -101.593544 0.000000 0.000000  1
-11.241639 12.625843 -101.579895 0.000000 0.000000  1
-11.309932 12.625588 -101.566154 0.000000 0.000000  1
-11.378192 12.625328 -101.552330 0.000000 0.000000  1
-10.548065 12.549067 -105.660782 0.000000 0.000000  0
-10.534335 12.552860 -105.595589 0.000000 0.000000  1
-10.520638 12.556569 -105.530327 0.000000 0.000000  1
-10.506979 12.560188 -105.464996 0.000000 0.000000  1
-10.493354 12.563728 -105.399612 0.000000 0.000000  1
-10.479764 12.567177 -105.334152 0.000000 0.000000  1
-10.466208 12.570541 -105.268623 0.000000 0.000000  1
-10.452686 12.573821 -105.203033 0.000000 0.000000  1
-10.439200 12.577013 -105.137375 0.000000 0.000000  1
-10.425748 12.580121 -105.071648 0.000000 0.000000  1
-10.412331 12.583144 -105.005859 0.000000 0.000000  1
-10.398947 12.586083 -104.940010 0.000000 0.000000  1
-10.385596 12.588937 -104.874084 0.000000 0.000000  1
-10.372281 12.591703 -104.808098 0.000000 0.000000  1
-10.358999 12.594384 -104.742043 0.000000 0.000000  1
-10.345751 12.596979 -104.675919 0.000000 0.000000  1
-10.332535 12.599490 -104.609726 0.000000 0.000000  1
-10.319353 12.601916 -104.543472 0.000000 0.000000  1
-10.306205 12.604260 -104.477158 0.000000 0.000000  1
-10.293089 12.606518 -104.410767 0.000000 0.000000  1
-10.280006 12.608686 -104.344307 0.000000 0.000000  1
-10.266957 12.610777 -104.277794 0.000000 0.000000  1
-10.253941 12.612778 -104.211205 0.000000 0.000000  1
-10.240956 12.614697 -104.144547 0.000000 0.000000  1
-10.228004 12.616529 -104.077827 0.000000 0.000000  1
-10.215086 12.618279 -104.011040 0.000000 0.000000  1
-10.202198 12.619944 -103.944183 0.000000 0.000000  1
-10.189343 12.621526 -103.877266 0.000000 0.000000  1
-10.176520 12.623018 -103.810272 0.000000 0.000000  1
-10.163730 12.624434 -103.743225 0.000000 0.000000  1
-10.150970 12.625758 -103.676094 0.000000 0.000000  1
-10.138243 12.627004 -103.608910 0.000000 0.000000  1
-10.125546 12.628163 -103.541656 0.000000 0.000000  1
-10.112881 12.629238 -103.474327 0.000000 0.000000  1
-10.100248 12.630229 -103.406937 0.000000 0.000000  1
-10.087646 12.631139 -103.339485 0.000000 0.000000  1
-10.075075 12.631960 -103.271957 0.000000 0.000000  1
-10.062534 12.632704 -103.204369 0.000000 0.000000  1
-10.050026 12.633361 -103.136711 0.000000 0.000000  1
-10.037547 12.633933 -103.068985 0.000000 0.000000  1
-10.025099 12.634423 -103.001190 0.000000 0.000000  1
-10.012682 12.634828 -102.933327 0.000000 0.000000  1
-10.000296 12.635151 -102.865402 0.000000 0.000000  1
-9.987939 12.635390 -102.797409 0.000000 0.000000  1
-9.975612 12.635546 -102.729340 0.000000 0.000000  1
-9.963316 12.635621 -102.661217 0.000000 0.000000  1
-9.951050 12.635609 -102.593018 0.000000 0.000000  1
-9.938812 12.635516 -102.524750 0.000000 0.000000  1
-9.926606 12.635337 -102.456413 0.000000 0.000000  1
-9.914429 12.635078 -102.388016 0.000000 0.000000  1
-9.902281 12.634738 -102.319550 0.000000 0.000000  1
-9.890163 12.634313 -102.251015 0.000000 0.000000  1
-9.878075 12.633803 -102.182411 0.000000 0.000000  1
-9.866014 12.633210 -102.113731 0.000000 0.000000  1
-9.853984 12.632539 -102.044998 0.000000 0.000000  1
-9.841983 12.631781 -101.976189 0.000000 0.000000  1
-9.830010 12.630943 -101.907318 0.000000 0.000000  1
-8.820379 12.533095 -105.919823 0.000000 0.000000  0
-8.894962 12.533751 -105.909660 0.000000 0.000000  1
-8.969516 12.534409 -105.899406 0.000000 0.000000  1
-9.044037 12.535067 -105.889061 0.000000 0.000000  1
-9.118528 12.535732 -105.878639 0.000000 0.000000  1
-9.192989 12.536399 -105.868126 0.000000 0.000000  1
-9.267418 12.537070 -105.857529 0.000000 0.000000  1
-9.341815 12.537742 -105.846840 0.000000 0.000000  1
-9.416181 12.538417 -105.836067 0.000000 0.000000  1
-9.490514 12.539097 -105.825211 0.000000 0.000000  1
-9.564816 12.539777 -105.814262 0.000000 0.000000  1
-9.639084 12.540462 -105.803230 0.000000 0.000000  1
-9.713320 12.541149 -105.792114 0.000000 0.000000  1
-9.787524 12.541837 -105.780907 0.000000 0.000000  1
-9.861693 12.542533 -105.769623 0.000000 0.000000  1
-9.935830 12.543224 -105.758240 0.000000 0.000000  1
-10.009933 12.543923 -105.746780 0.000000 0.000000  1
-10.084002 12.544622 -105.735229 0.000000 0.000000  1
-10.158038 12.545324 -105.723595 0.000000 0.000000  1
-10.232039 12.546031 -105.711876 0.000000 0.000000  1
-10.306005 12.546736 -105.700066 0.000000 0.000000  1
-10.379938 12.547445 -105.688171 0.000000 0.000000  1
-10.453835 12.548157 -105.676193 0.000000 0.000000  1
-10.527696 12.548868 -105.664124 0.000000 0.000000  1
-10.601522 12.549582 -105.651970 0.000000 0.000000  1
-10.675313 12.550301 -105.639732 0.000000 0.000000  1
-10.749068 12.551021 -105.627411 0.000000 0.000000  1
-10.822786 12.551741 -105.614998 0.000000 0.000000  1
-10.896469 12.552463 -105.602501 0.000000 0.000000  1
-10.970116 12.553184 -105.589912 0.000000 0.000000  1
-11.043725 12.553911 -105.577248 0.000000 0.000000  1
-11.117297 12.554638 -105.564491 0.000000 0.000000  1
-11.190833 12.555367 -105.551651 0.000000 0.000000  1
-11.264331 12.556094 -105.538719 0.000000 0.000000  1
-11.337791 12.556828 -105.525711 0.000000 0.000000  1
-11.411215 12.557560 -105.512611 0.000000 0.000000  1
-11.484599 12.558290 -105.499420 0.000000 0.000000  1
-11.557946 12.559028 -105.486153 0.000000 0.000000  1
-11.631254 12.559762 -105.472794 0.000000 0.000000  1
-11.704524 12.560498 -105.459351 0.000000 0.000000  1
-11.777755 12.561237 -105.445824 0.000000 0.000000  1
-11.850946 12.561974 -105.432205 0.000000 0.000000  1
-11.924100 12.562712 -105.418503 0.000000 0.000000  1
-11.997213 12.563452 -105.404716 0.000000 0.000000  1
-12.070287 12.564194 -105.390846 0.000000 0.000000  1
-12.143321 12.564933 -105.376884 0.000000 0.000000  1
-12.216315 12.565677 -105.362846 0.000000 0.000000  1
-1.#IND00 -33.152889 -113.694221 0.000000 0.000000  0
-1.#IND00 -33.152889 -113.694221 0.000000 0.000000  0
-1.#IND00 -33.152889 -113.694221 0.000000 0.000000  0
-1.#IND00 -33.152889 -113.694221 0.000000 0.000000  0